dccm_size, dccm_num_banks, iccm_size, iccm_num_banks, mcycle_cmark_iccm, mcycle_cmark_dccm, LUT as Logic
4.0, 2.0, 4.0, 2.0, failed
4.0, 2.0, 4.0, 4.0, failed
4.0, 2.0, 4.0, 8.0, failed
4.0, 2.0, 8.0, 2.0, failed
4.0, 2.0, 8.0, 4.0, failed
4.0, 2.0, 8.0, 8.0, failed
4.0, 2.0, 16.0, 2.0, failed
4.0, 2.0, 16.0, 4.0, failed
4.0, 2.0, 16.0, 8.0, failed
4.0, 2.0, 32.0, 2.0, failed
4.0, 2.0, 32.0, 4.0, failed
4.0, 2.0, 32.0, 8.0, failed
4.0, 2.0, 64.0, 2.0, failed
4.0, 2.0, 64.0, 4.0, failed
4.0, 2.0, 64.0, 8.0, failed
4.0, 2.0, 128.0, 2.0, failed
4.0, 2.0, 128.0, 4.0, failed
4.0, 2.0, 128.0, 8.0, failed
4.0, 2.0, 256.0, 2.0, failed
4.0, 2.0, 256.0, 4.0, failed
4.0, 2.0, 256.0, 8.0, failed
4.0, 2.0, 512.0, 2.0, failed
4.0, 2.0, 512.0, 4.0, failed
4.0, 2.0, 512.0, 8.0, failed
4.0, 4.0, 4.0, 2.0, failed
4.0, 4.0, 4.0, 4.0, failed
4.0, 4.0, 4.0, 8.0, failed
4.0, 4.0, 8.0, 2.0, failed
4.0, 4.0, 8.0, 4.0, failed
4.0, 4.0, 8.0, 8.0, failed
4.0, 4.0, 16.0, 2.0, failed
4.0, 4.0, 16.0, 4.0, failed
4.0, 4.0, 16.0, 8.0, failed
4.0, 4.0, 32.0, 2.0, failed
4.0, 4.0, 32.0, 4.0, failed
4.0, 4.0, 32.0, 8.0, failed
4.0, 4.0, 64.0, 2.0, failed
4.0, 4.0, 64.0, 4.0, failed
4.0, 4.0, 64.0, 8.0, failed
4.0, 4.0, 128.0, 2.0, failed
4.0, 4.0, 128.0, 4.0, failed
4.0, 4.0, 128.0, 8.0, failed
4.0, 4.0, 256.0, 2.0, failed
4.0, 4.0, 256.0, 4.0, failed
4.0, 4.0, 256.0, 8.0, failed
4.0, 4.0, 512.0, 2.0, failed
4.0, 4.0, 512.0, 4.0, failed
4.0, 4.0, 512.0, 8.0, failed
8.0, 2.0, 4.0, 2.0, 316469, 297898, 38142.0
8.0, 2.0, 4.0, 4.0, 316469, 297898, 38217.0
8.0, 2.0, 4.0, 8.0, 316469, 297898, 38315.0
8.0, 2.0, 8.0, 2.0, 316469, 297898, 38208.0
8.0, 2.0, 8.0, 4.0, 316469, 297898, 38259.0
8.0, 2.0, 8.0, 8.0, 316469, 297898, 38348.0
8.0, 2.0, 16.0, 2.0, 316469, 297898, 38206.0
8.0, 2.0, 16.0, 4.0, 316469, 297898, 38276.0
8.0, 2.0, 16.0, 8.0, 316469, 297898, 38364.0
8.0, 2.0, 32.0, 2.0, failed
8.0, 2.0, 32.0, 4.0, failed
8.0, 2.0, 32.0, 8.0, failed
8.0, 2.0, 64.0, 2.0, failed
8.0, 2.0, 64.0, 4.0, failed
8.0, 2.0, 64.0, 8.0, failed
8.0, 2.0, 128.0, 2.0, failed
8.0, 2.0, 128.0, 4.0, failed
8.0, 2.0, 128.0, 8.0, failed
8.0, 2.0, 256.0, 2.0, failed
8.0, 2.0, 256.0, 4.0, failed
8.0, 2.0, 256.0, 8.0, failed
8.0, 2.0, 512.0, 2.0, failed
8.0, 2.0, 512.0, 4.0, failed
8.0, 2.0, 512.0, 8.0, failed
8.0, 4.0, 4.0, 2.0, 316397, 297828, 38348.0
8.0, 4.0, 4.0, 4.0, 316397, 297828, 38423.0
8.0, 4.0, 4.0, 8.0, 316397, 297828, 38521.0
8.0, 4.0, 8.0, 2.0, 316397, 297828, 38414.0
8.0, 4.0, 8.0, 4.0, 316397, 297828, 38465.0
8.0, 4.0, 8.0, 8.0, 316397, 297828, 38554.0
8.0, 4.0, 16.0, 2.0, 316397, 297828, 38412.0
8.0, 4.0, 16.0, 4.0, 316397, 297828, 38482.0
8.0, 4.0, 16.0, 8.0, 316397, 297828, 38570.0
8.0, 4.0, 32.0, 2.0, failed
8.0, 4.0, 32.0, 4.0, 314582, 297828, 38436.0
8.0, 4.0, 32.0, 8.0, 314582, 297828, 38523.0
8.0, 4.0, 64.0, 2.0, failed
8.0, 4.0, 64.0, 4.0, 314582, 297828, 38568.0
8.0, 4.0, 64.0, 8.0, 314582, 297828, 38592.0
8.0, 4.0, 128.0, 2.0, failed
8.0, 4.0, 128.0, 4.0, 314582, 297828, 38589.0
8.0, 4.0, 128.0, 8.0, 314582, 297828, 38621.0
8.0, 4.0, 256.0, 2.0, failed
8.0, 4.0, 256.0, 4.0, 314582, 297828, 38594.0
8.0, 4.0, 256.0, 8.0, 314582, 297828, 38628.0
8.0, 4.0, 512.0, 2.0, failed
8.0, 4.0, 512.0, 4.0, 314582, 297828, 38504.0
8.0, 4.0, 512.0, 8.0, 314582, 297828, 38682.0
16.0, 2.0, 4.0, 2.0, 316469, 297898, 38173.0
16.0, 2.0, 4.0, 4.0, 316469, 297898, 38249.0
16.0, 2.0, 4.0, 8.0, 316469, 297898, 38346.0
16.0, 2.0, 8.0, 2.0, 316469, 297898, 38238.0
16.0, 2.0, 8.0, 4.0, 316469, 297898, 38288.0
16.0, 2.0, 8.0, 8.0, 316469, 297898, 38378.0
16.0, 2.0, 16.0, 2.0, 316469, 297898, 38235.0
16.0, 2.0, 16.0, 4.0, 316469, 297898, 38305.0
16.0, 2.0, 16.0, 8.0, 316469, 297898, 38393.0
16.0, 2.0, 32.0, 2.0, failed
16.0, 2.0, 32.0, 4.0, failed
16.0, 2.0, 32.0, 8.0, failed
16.0, 2.0, 64.0, 2.0, failed
16.0, 2.0, 64.0, 4.0, failed
16.0, 2.0, 64.0, 8.0, failed
16.0, 2.0, 128.0, 2.0, failed
16.0, 2.0, 128.0, 4.0, failed
16.0, 2.0, 128.0, 8.0, failed
16.0, 2.0, 256.0, 2.0, failed
16.0, 2.0, 256.0, 4.0, failed
16.0, 2.0, 256.0, 8.0, failed
16.0, 2.0, 512.0, 2.0, failed
16.0, 2.0, 512.0, 4.0, failed
16.0, 2.0, 512.0, 8.0, failed
16.0, 4.0, 4.0, 2.0, 316397, 297828, 38384.0
16.0, 4.0, 4.0, 4.0, 316397, 297828, 38460.0
16.0, 4.0, 4.0, 8.0, 316397, 297828, 38557.0
16.0, 4.0, 8.0, 2.0, 316397, 297828, 38449.0
16.0, 4.0, 8.0, 4.0, 316397, 297828, 38499.0
16.0, 4.0, 8.0, 8.0, 316397, 297828, 38589.0
16.0, 4.0, 16.0, 2.0, 316397, 297828, 38446.0
16.0, 4.0, 16.0, 4.0, 316397, 297828, 38516.0
16.0, 4.0, 16.0, 8.0, 316397, 297828, 38604.0
16.0, 4.0, 32.0, 2.0, failed
16.0, 4.0, 32.0, 4.0, 314582, 297828, 38470.0
16.0, 4.0, 32.0, 8.0, 314582, 297828, 38557.0
16.0, 4.0, 64.0, 2.0, failed
16.0, 4.0, 64.0, 4.0, 314582, 297828, 38590.0
16.0, 4.0, 64.0, 8.0, 314582, 297828, 38614.0
16.0, 4.0, 128.0, 2.0, failed
16.0, 4.0, 128.0, 4.0, 314582, 297828, 38625.0
16.0, 4.0, 128.0, 8.0, 314582, 297828, 38656.0
16.0, 4.0, 256.0, 2.0, failed
16.0, 4.0, 256.0, 4.0, 314582, 297828, 38630.0
16.0, 4.0, 256.0, 8.0, 314582, 297828, 38667.0
16.0, 4.0, 512.0, 2.0, failed
16.0, 4.0, 512.0, 4.0, 314582, 297828, 38543.0
16.0, 4.0, 512.0, 8.0, 314582, 297828, 38720.0
32.0, 2.0, 4.0, 2.0, 316469, 297898, 38178.0
32.0, 2.0, 4.0, 4.0, 316469, 297898, 38253.0
32.0, 2.0, 4.0, 8.0, 316469, 297898, 38351.0
32.0, 2.0, 8.0, 2.0, 316469, 297898, 38244.0
32.0, 2.0, 8.0, 4.0, 316469, 297898, 38295.0
32.0, 2.0, 8.0, 8.0, 316469, 297898, 38384.0
32.0, 2.0, 16.0, 2.0, 316469, 297898, 38242.0
32.0, 2.0, 16.0, 4.0, 316469, 297898, 38312.0
32.0, 2.0, 16.0, 8.0, 316469, 297898, 38400.0
32.0, 2.0, 32.0, 2.0, 314655, 297898, 38102.0
32.0, 2.0, 32.0, 4.0, failed
32.0, 2.0, 32.0, 8.0, failed
32.0, 2.0, 64.0, 2.0, 314655, 297898, 38115.0
32.0, 2.0, 64.0, 4.0, failed
32.0, 2.0, 64.0, 8.0, failed
32.0, 2.0, 128.0, 2.0, 314655, 297898, 38139.0
32.0, 2.0, 128.0, 4.0, failed
32.0, 2.0, 128.0, 8.0, failed
32.0, 2.0, 256.0, 2.0, 314655, 297898, 38141.0
32.0, 2.0, 256.0, 4.0, failed
32.0, 2.0, 256.0, 8.0, failed
32.0, 2.0, 512.0, 2.0, failed
32.0, 2.0, 512.0, 4.0, failed
32.0, 2.0, 512.0, 8.0, failed
32.0, 4.0, 4.0, 2.0, 316397, 297828, 38394.0
32.0, 4.0, 4.0, 4.0, 316397, 297828, 38469.0
32.0, 4.0, 4.0, 8.0, 316397, 297828, 38567.0
32.0, 4.0, 8.0, 2.0, 316397, 297828, 38460.0
32.0, 4.0, 8.0, 4.0, 316397, 297828, 38511.0
32.0, 4.0, 8.0, 8.0, 316397, 297828, 38600.0
32.0, 4.0, 16.0, 2.0, 316397, 297828, 38458.0
32.0, 4.0, 16.0, 4.0, 316397, 297828, 38528.0
32.0, 4.0, 16.0, 8.0, 316397, 297828, 38616.0
32.0, 4.0, 32.0, 2.0, failed
32.0, 4.0, 32.0, 4.0, 314582, 297828, 38405.0
32.0, 4.0, 32.0, 8.0, 314582, 297828, 38492.0
32.0, 4.0, 64.0, 2.0, failed
32.0, 4.0, 64.0, 4.0, 314582, 297828, 38528.0
32.0, 4.0, 64.0, 8.0, 314582, 297828, 38552.0
32.0, 4.0, 128.0, 2.0, failed
32.0, 4.0, 128.0, 4.0, 314582, 297828, 38551.0
32.0, 4.0, 128.0, 8.0, 314582, 297828, 38583.0
32.0, 4.0, 256.0, 2.0, failed
32.0, 4.0, 256.0, 4.0, 314582, 297828, 38555.0
32.0, 4.0, 256.0, 8.0, 314582, 297828, 38589.0
32.0, 4.0, 512.0, 2.0, failed
32.0, 4.0, 512.0, 4.0, 314582, 297828, 38471.0
32.0, 4.0, 512.0, 8.0, 314582, 297828, 38649.0
64.0, 2.0, 4.0, 2.0, 316469, 297898, 38115.0
64.0, 2.0, 4.0, 4.0, 316469, 297898, 38190.0
64.0, 2.0, 4.0, 8.0, 316469, 297898, 38288.0
64.0, 2.0, 8.0, 2.0, 316469, 297898, 38186.0
64.0, 2.0, 8.0, 4.0, 316469, 297898, 38232.0
64.0, 2.0, 8.0, 8.0, 316469, 297898, 38321.0
64.0, 2.0, 16.0, 2.0, 316469, 297898, 38178.0
64.0, 2.0, 16.0, 4.0, 316469, 297898, 38248.0
64.0, 2.0, 16.0, 8.0, 316469, 297898, 38336.0
64.0, 2.0, 32.0, 2.0, 314655, 297898, 38135.0
64.0, 2.0, 32.0, 4.0, failed
64.0, 2.0, 32.0, 8.0, failed
64.0, 2.0, 64.0, 2.0, 314655, 297898, 38149.0
64.0, 2.0, 64.0, 4.0, failed
64.0, 2.0, 64.0, 8.0, failed
64.0, 2.0, 128.0, 2.0, 314655, 297898, 38174.0
64.0, 2.0, 128.0, 4.0, failed
64.0, 2.0, 128.0, 8.0, failed
64.0, 2.0, 256.0, 2.0, 314655, 297898, 38162.0
64.0, 2.0, 256.0, 4.0, failed
64.0, 2.0, 256.0, 8.0, failed
64.0, 2.0, 512.0, 2.0, failed
64.0, 2.0, 512.0, 4.0, failed
64.0, 2.0, 512.0, 8.0, failed
64.0, 4.0, 4.0, 2.0, 316397, 297828, 38337.0
64.0, 4.0, 4.0, 4.0, 316397, 297828, 38412.0
64.0, 4.0, 4.0, 8.0, 316397, 297828, 38510.0
64.0, 4.0, 8.0, 2.0, 316397, 297828, 38408.0
64.0, 4.0, 8.0, 4.0, 316397, 297828, 38454.0
64.0, 4.0, 8.0, 8.0, 316397, 297828, 38543.0
64.0, 4.0, 16.0, 2.0, 316397, 297828, 38400.0
64.0, 4.0, 16.0, 4.0, 316397, 297828, 38470.0
64.0, 4.0, 16.0, 8.0, 316397, 297828, 38558.0
64.0, 4.0, 32.0, 2.0, failed
64.0, 4.0, 32.0, 4.0, 314582, 297828, 38444.0
64.0, 4.0, 32.0, 8.0, 314582, 297828, 38531.0
64.0, 4.0, 64.0, 2.0, failed
64.0, 4.0, 64.0, 4.0, 314582, 297828, 38568.0
64.0, 4.0, 64.0, 8.0, 314582, 297828, 38592.0
64.0, 4.0, 128.0, 2.0, failed
64.0, 4.0, 128.0, 4.0, 314582, 297828, 38592.0
64.0, 4.0, 128.0, 8.0, 314582, 297828, 38624.0
64.0, 4.0, 256.0, 2.0, failed
64.0, 4.0, 256.0, 4.0, 314582, 297828, 38582.0
64.0, 4.0, 256.0, 8.0, 314582, 297828, 38616.0
64.0, 4.0, 512.0, 2.0, failed
64.0, 4.0, 512.0, 4.0, 314582, 297828, 38502.0
64.0, 4.0, 512.0, 8.0, 314582, 297828, 38680.0
128.0, 2.0, 4.0, 2.0, 316469, 297898, 38205.0
128.0, 2.0, 4.0, 4.0, 316469, 297898, 38280.0
128.0, 2.0, 4.0, 8.0, 316469, 297898, 38378.0
128.0, 2.0, 8.0, 2.0, 316469, 297898, 38273.0
128.0, 2.0, 8.0, 4.0, 316469, 297898, 38324.0
128.0, 2.0, 8.0, 8.0, 316469, 297898, 38413.0
128.0, 2.0, 16.0, 2.0, 316469, 297898, 38270.0
128.0, 2.0, 16.0, 4.0, 316469, 297898, 38340.0
128.0, 2.0, 16.0, 8.0, 316469, 297898, 38428.0
128.0, 2.0, 32.0, 2.0, 314655, 297898, 38226.0
128.0, 2.0, 32.0, 4.0, failed
128.0, 2.0, 32.0, 8.0, failed
128.0, 2.0, 64.0, 2.0, 314655, 297898, 38248.0
128.0, 2.0, 64.0, 4.0, failed
128.0, 2.0, 64.0, 8.0, failed
128.0, 2.0, 128.0, 2.0, 314655, 297898, 38273.0
128.0, 2.0, 128.0, 4.0, failed
128.0, 2.0, 128.0, 8.0, failed
128.0, 2.0, 256.0, 2.0, 314655, 297898, 38275.0
128.0, 2.0, 256.0, 4.0, failed
128.0, 2.0, 256.0, 8.0, failed
128.0, 2.0, 512.0, 2.0, failed
128.0, 2.0, 512.0, 4.0, failed
128.0, 2.0, 512.0, 8.0, failed
128.0, 4.0, 4.0, 2.0, 316397, 297828, 38432.0
128.0, 4.0, 4.0, 4.0, 316397, 297828, 38507.0
128.0, 4.0, 4.0, 8.0, 316397, 297828, 38605.0
128.0, 4.0, 8.0, 2.0, 316397, 297828, 38501.0
128.0, 4.0, 8.0, 4.0, 316397, 297828, 38552.0
128.0, 4.0, 8.0, 8.0, 316397, 297828, 38641.0
128.0, 4.0, 16.0, 2.0, 316397, 297828, 38498.0
128.0, 4.0, 16.0, 4.0, 316397, 297828, 38568.0
128.0, 4.0, 16.0, 8.0, 316397, 297828, 38656.0
128.0, 4.0, 32.0, 2.0, failed
128.0, 4.0, 32.0, 4.0, 314582, 297828, 38540.0
128.0, 4.0, 32.0, 8.0, 314582, 297828, 38627.0
128.0, 4.0, 64.0, 2.0, failed
128.0, 4.0, 64.0, 4.0, 314582, 297828, 38671.0
128.0, 4.0, 64.0, 8.0, 314582, 297828, 38695.0
128.0, 4.0, 128.0, 2.0, failed
128.0, 4.0, 128.0, 4.0, 314582, 297828, 38696.0
128.0, 4.0, 128.0, 8.0, 314582, 297828, 38731.0
128.0, 4.0, 256.0, 2.0, failed
128.0, 4.0, 256.0, 4.0, 314582, 297828, 38700.0
128.0, 4.0, 256.0, 8.0, 314582, 297828, 38733.0
128.0, 4.0, 512.0, 2.0, failed
128.0, 4.0, 512.0, 4.0, 314582, 297828, 38630.0
128.0, 4.0, 512.0, 8.0, 314582, 297828, 38809.0
256.0, 2.0, 4.0, 2.0, 316469, 297898, 38315.0
256.0, 2.0, 4.0, 4.0, 316469, 297898, 38390.0
256.0, 2.0, 4.0, 8.0, 316469, 297898, 38489.0
256.0, 2.0, 8.0, 2.0, 316469, 297898, 38382.0
256.0, 2.0, 8.0, 4.0, 316469, 297898, 38428.0
256.0, 2.0, 8.0, 8.0, 316469, 297898, 38517.0
256.0, 2.0, 16.0, 2.0, 316469, 297898, 38376.0
256.0, 2.0, 16.0, 4.0, 316469, 297898, 38446.0
256.0, 2.0, 16.0, 8.0, 316469, 297898, 38535.0
256.0, 2.0, 32.0, 2.0, 314655, 297898, 38320.0
256.0, 2.0, 32.0, 4.0, failed
256.0, 2.0, 32.0, 8.0, failed
256.0, 2.0, 64.0, 2.0, 314655, 297898, 38313.0
256.0, 2.0, 64.0, 4.0, failed
256.0, 2.0, 64.0, 8.0, failed
256.0, 2.0, 128.0, 2.0, 314655, 297898, 38339.0
256.0, 2.0, 128.0, 4.0, failed
256.0, 2.0, 128.0, 8.0, failed
256.0, 2.0, 256.0, 2.0, 314655, 297898, 38358.0
256.0, 2.0, 256.0, 4.0, failed
256.0, 2.0, 256.0, 8.0, failed
256.0, 2.0, 512.0, 2.0, failed
256.0, 2.0, 512.0, 4.0, failed
256.0, 2.0, 512.0, 8.0, failed
256.0, 4.0, 4.0, 2.0, 316397, 297828, 38547.0
256.0, 4.0, 4.0, 4.0, 316397, 297828, 38622.0
256.0, 4.0, 4.0, 8.0, 316397, 297828, 38720.0
256.0, 4.0, 8.0, 2.0, 316397, 297828, 38614.0
256.0, 4.0, 8.0, 4.0, 316397, 297828, 38660.0
256.0, 4.0, 8.0, 8.0, 316397, 297828, 38749.0
256.0, 4.0, 16.0, 2.0, 316397, 297828, 38608.0
256.0, 4.0, 16.0, 4.0, 316397, 297828, 38678.0
256.0, 4.0, 16.0, 8.0, 316397, 297828, 38766.0
256.0, 4.0, 32.0, 2.0, failed
256.0, 4.0, 32.0, 4.0, 314582, 297828, 38639.0
256.0, 4.0, 32.0, 8.0, 314582, 297828, 38726.0
256.0, 4.0, 64.0, 2.0, failed
256.0, 4.0, 64.0, 4.0, 314582, 297828, 38741.0
256.0, 4.0, 64.0, 8.0, 314582, 297828, 38765.0
256.0, 4.0, 128.0, 2.0, failed
256.0, 4.0, 128.0, 4.0, 314582, 297828, 38767.0
256.0, 4.0, 128.0, 8.0, 314582, 297828, 38802.0
256.0, 4.0, 256.0, 2.0, failed
256.0, 4.0, 256.0, 4.0, 314582, 297828, 38788.0
256.0, 4.0, 256.0, 8.0, 314582, 297828, 38821.0
256.0, 4.0, 512.0, 2.0, failed
256.0, 4.0, 512.0, 4.0, 314582, 297828, 38719.0
256.0, 4.0, 512.0, 8.0, 314582, 297828, 38898.0
512.0, 2.0, 4.0, 2.0, failed
512.0, 2.0, 4.0, 4.0, failed
512.0, 2.0, 4.0, 8.0, failed
512.0, 2.0, 8.0, 2.0, failed
512.0, 2.0, 8.0, 4.0, failed
512.0, 2.0, 8.0, 8.0, failed
512.0, 2.0, 16.0, 2.0, failed
512.0, 2.0, 16.0, 4.0, failed
512.0, 2.0, 16.0, 8.0, failed
512.0, 2.0, 32.0, 2.0, failed
512.0, 2.0, 32.0, 4.0, failed
512.0, 2.0, 32.0, 8.0, failed
512.0, 2.0, 64.0, 2.0, failed
512.0, 2.0, 64.0, 4.0, failed
512.0, 2.0, 64.0, 8.0, failed
512.0, 2.0, 128.0, 2.0, failed
512.0, 2.0, 128.0, 4.0, failed
512.0, 2.0, 128.0, 8.0, failed
512.0, 2.0, 256.0, 2.0, failed
512.0, 2.0, 256.0, 4.0, failed
512.0, 2.0, 256.0, 8.0, failed
512.0, 2.0, 512.0, 2.0, failed
512.0, 2.0, 512.0, 4.0, failed
512.0, 2.0, 512.0, 8.0, failed
512.0, 4.0, 4.0, 2.0, failed
512.0, 4.0, 4.0, 4.0, failed
512.0, 4.0, 4.0, 8.0, failed
512.0, 4.0, 8.0, 2.0, failed
512.0, 4.0, 8.0, 4.0, failed
512.0, 4.0, 8.0, 8.0, failed
512.0, 4.0, 16.0, 2.0, failed
512.0, 4.0, 16.0, 4.0, failed
512.0, 4.0, 16.0, 8.0, failed
512.0, 4.0, 32.0, 2.0, failed
512.0, 4.0, 32.0, 4.0, failed
512.0, 4.0, 32.0, 8.0, failed
512.0, 4.0, 64.0, 2.0, failed
512.0, 4.0, 64.0, 4.0, failed
512.0, 4.0, 64.0, 8.0, failed
512.0, 4.0, 128.0, 2.0, failed
512.0, 4.0, 128.0, 4.0, failed
512.0, 4.0, 128.0, 8.0, failed
512.0, 4.0, 256.0, 2.0, failed
512.0, 4.0, 256.0, 4.0, failed
512.0, 4.0, 256.0, 8.0, failed
512.0, 4.0, 512.0, 2.0, failed
512.0, 4.0, 512.0, 4.0, failed
512.0, 4.0, 512.0, 8.0, failed
