btb_size, lsu_num_nbload, lsu_stbuf_depth, dccm_size, iccm_size, mcycle_cmark, mcycle_dhry, mcycle_cmark_iccm, mcycle_cmark_dccm, LUT as Logic
64.0, 4.0, 8.0, 128.0, 128.0, 409626, 358971, 315907, 297715, 32590.0
512.0, 8.0, 2.0, 64.0, 32.0, 407585, 373427, 316032, 298897, 40294.0
256.0, 2.0, 4.0, 512.0, 64.0, failed
128.0, 4.0, 4.0, 64.0, 256.0, 409406, 357920, 314779, 297510, 32766.0
64.0, 2.0, 2.0, 128.0, 512.0, 447989, 376105, 317434, 298937, 30421.0
128.0, 4.0, 8.0, 256.0, 128.0, 409406, 357920, 314778, 297509, 33456.0
256.0, 4.0, 4.0, 32.0, 64.0, 409414, 357919, 314517, 297522, 34819.0
32.0, 8.0, 4.0, 256.0, 256.0, 408080, 363032, 315878, 298313, 33429.0
32.0, 2.0, 4.0, 256.0, 32.0, 448479, 363633, 315958, 298458, 30105.0
256.0, 4.0, 4.0, 128.0, 128.0, 409414, 357919, 314517, 297522, 35001.0
128.0, 4.0, 2.0, 256.0, 256.0, 409406, 374452, 316226, 298586, 32693.0
64.0, 8.0, 8.0, 32.0, 64.0, 407494, 358971, 315907, 297715, 34764.0
128.0, 4.0, 4.0, 64.0, 128.0, 409406, 357920, 314779, 297510, 32803.0
256.0, 8.0, 4.0, 128.0, 512.0, 407279, 357919, 314517, 297522, 36861.0
512.0, 2.0, 8.0, 64.0, 256.0, 448061, 357515, 314661, 297972, 37976.0
64.0, 4.0, 2.0, 512.0, 64.0, failed
64.0, 4.0, 2.0, 64.0, 128.0, 409626, 375503, 317357, 298791, 31856.0
256.0, 4.0, 8.0, 256.0, 256.0, 409414, 357919, 314516, 297521, 35561.0
256.0, 2.0, 4.0, 64.0, 128.0, 447761, 358519, 314596, 297669, 33759.0
64.0, 8.0, 4.0, 256.0, 64.0, 407494, 358971, 315908, 297716, 34037.0
128.0, 2.0, 8.0, 128.0, 32.0, 447732, 358519, 314853, 297653, 32148.0
512.0, 8.0, 2.0, 32.0, 256.0, 407585, 373427, 316032, 298897, 40417.0
128.0, 4.0, 4.0, 512.0, 512.0, failed
32.0, 4.0, 4.0, 128.0, 64.0, 410217, 363032, 315878, 298313, 31433.0
32.0, 2.0, 4.0, 32.0, 256.0, 448479, 363633, 315958, 298458, 30074.0
128.0, 8.0, 4.0, 128.0, 128.0, 407272, 357920, 314779, 297510, 34848.0
512.0, 4.0, 8.0, 128.0, 64.0, 409709, 356914, 314581, 297827, 39210.0
128.0, 4.0, 2.0, 512.0, 128.0, failed
64.0, 4.0, 4.0, 256.0, 256.0, 409626, 358971, 315908, 297716, 32145.0
256.0, 4.0, 4.0, 64.0, 32.0, 409414, 357919, 314517, 297522, 34748.0
256.0, 2.0, 2.0, 256.0, 64.0, 447761, 375051, 316044, 298744, 33557.0
64.0, 8.0, 8.0, 64.0, 512.0, 407494, 358971, 315907, 297715, 34629.0
64.0, 8.0, 4.0, 128.0, 256.0, 407494, 358971, 315908, 297716, 34053.0
256.0, 2.0, 8.0, 256.0, 32.0, 447761, 358519, 314595, 297668, 34265.0
256.0, 4.0, 2.0, 32.0, 128.0, 409414, 374451, 315965, 298597, 34642.0
32.0, 4.0, 8.0, 512.0, 512.0, failed
128.0, 4.0, 4.0, 64.0, 64.0, 409406, 357920, 314779, 297510, 32801.0
512.0, 8.0, 4.0, 128.0, 64.0, 407585, 356914, 314582, 297828, 40612.0
128.0, 2.0, 2.0, 64.0, 128.0, 447732, 375051, 316301, 298730, 31409.0
128.0, 4.0, 4.0, 64.0, 32.0, 409406, 357920, 314779, 297510, 32673.0
512.0, 4.0, 2.0, 512.0, 256.0, failed
128.0, 8.0, 8.0, 64.0, 256.0, 407272, 357920, 314778, 297509, 35687.0
32.0, 2.0, 4.0, 128.0, 128.0, 448479, 363633, 315958, 298458, 30124.0
64.0, 8.0, 2.0, 256.0, 64.0, 407494, 375503, 317357, 298791, 33847.0
256.0, 2.0, 4.0, 128.0, 512.0, 447761, 358519, 314596, 297669, 33739.0
256.0, 4.0, 4.0, 256.0, 128.0, 409414, 357919, 314517, 297522, 35072.0
64.0, 4.0, 8.0, 32.0, 64.0, 409626, 358971, 315907, 297715, 32517.0
128.0, 4.0, 8.0, 64.0, 64.0, 409406, 357920, 314778, 297509, 33358.0
512.0, 2.0, 4.0, 256.0, 256.0, 448061, 357515, 314662, 297973, 37594.0
256.0, 8.0, 4.0, 32.0, 128.0, 407279, 357919, 314517, 297522, 36893.0
64.0, 4.0, 2.0, 128.0, 128.0, 409626, 375503, 317357, 298791, 31808.0
32.0, 8.0, 4.0, 256.0, 64.0, 408080, 363032, 315878, 298313, 33433.0
128.0, 4.0, 8.0, 64.0, 256.0, 409406, 357920, 314778, 297509, 33322.0
256.0, 4.0, 2.0, 512.0, 512.0, failed
64.0, 2.0, 4.0, 128.0, 32.0, 447989, 359573, 315985, 297862, 30654.0
64.0, 8.0, 2.0, 64.0, 256.0, 407494, 375503, 317357, 298791, 33847.0
256.0, 4.0, 4.0, 256.0, 64.0, 409414, 357919, 314517, 297522, 35032.0
128.0, 4.0, 4.0, 128.0, 128.0, 409406, 357920, 314779, 297510, 32907.0
32.0, 2.0, 8.0, 512.0, 128.0, failed
256.0, 2.0, 2.0, 64.0, 64.0, 447761, 375051, 316044, 298744, 33471.0
512.0, 8.0, 8.0, 128.0, 32.0, 407585, 356914, 314581, 297827, 41290.0
128.0, 4.0, 4.0, 32.0, 512.0, 409406, 357920, 314779, 297510, 32665.0
64.0, 4.0, 4.0, 128.0, 256.0, 409626, 358971, 315908, 297716, 32064.0
64.0, 4.0, 4.0, 128.0, 64.0, 409626, 358971, 315908, 297716, 32071.0
64.0, 4.0, 4.0, 64.0, 64.0, 409626, 358971, 315908, 297716, 31969.0
64.0, 4.0, 8.0, 128.0, 512.0, 409626, 358971, 315907, 297715, 32496.0
128.0, 4.0, 8.0, 512.0, 128.0, failed
512.0, 4.0, 4.0, 256.0, 256.0, 409709, 356914, 314582, 297828, 38788.0
256.0, 4.0, 4.0, 64.0, 256.0, 409414, 357919, 314517, 297522, 34880.0
64.0, 4.0, 4.0, 512.0, 128.0, failed
64.0, 4.0, 4.0, 256.0, 32.0, 409626, 358971, 315908, 297716, 32047.0
64.0, 8.0, 4.0, 64.0, 128.0, 407494, 358971, 315908, 297716, 34093.0
256.0, 8.0, 4.0, 32.0, 256.0, 407279, 357919, 314517, 297522, 36890.0
64.0, 4.0, 8.0, 512.0, 64.0, failed
64.0, 4.0, 8.0, 64.0, 128.0, 409626, 358971, 315907, 297715, 32570.0
256.0, 8.0, 4.0, 512.0, 64.0, failed
64.0, 4.0, 8.0, 128.0, 64.0, 409626, 358971, 315907, 297715, 32609.0
128.0, 4.0, 4.0, 32.0, 128.0, 409406, 357920, 314779, 297510, 32762.0
128.0, 8.0, 4.0, 64.0, 32.0, 407272, 357920, 314779, 297510, 34698.0
128.0, 4.0, 4.0, 512.0, 32.0, failed
512.0, 8.0, 4.0, 128.0, 32.0, 407585, 356914, 314582, 297828, 40485.0
256.0, 4.0, 4.0, 512.0, 32.0, failed
32.0, 4.0, 8.0, 32.0, 256.0, 410217, 363032, 315877, 298312, 31871.0
128.0, 4.0, 8.0, 128.0, 32.0, 409406, 357920, 314778, 297509, 33311.0
128.0, 4.0, 4.0, 256.0, 64.0, 409406, 357920, 314779, 297510, 32973.0
128.0, 8.0, 8.0, 256.0, 512.0, 407272, 357920, 314778, 297509, 35601.0
32.0, 8.0, 4.0, 256.0, 128.0, 408080, 363032, 315878, 298313, 33416.0
128.0, 4.0, 4.0, 128.0, 512.0, 409406, 357920, 314779, 297510, 32825.0
32.0, 4.0, 4.0, 128.0, 512.0, 410217, 363032, 315878, 298313, 31315.0
512.0, 4.0, 4.0, 128.0, 32.0, 409709, 356914, 314582, 297828, 38540.0
32.0, 4.0, 4.0, 64.0, 256.0, 410217, 363032, 315878, 298313, 31398.0
128.0, 2.0, 2.0, 256.0, 512.0, 447732, 375051, 316301, 298730, 31428.0
128.0, 8.0, 8.0, 32.0, 64.0, 407272, 357920, 314778, 297509, 35601.0
64.0, 8.0, 4.0, 512.0, 256.0, failed
256.0, 4.0, 2.0, 256.0, 64.0, 409414, 374451, 315965, 298597, 34754.0
256.0, 2.0, 8.0, 512.0, 256.0, failed
64.0, 8.0, 2.0, 64.0, 32.0, 407494, 375503, 317357, 298791, 33717.0
64.0, 4.0, 4.0, 256.0, 64.0, 409626, 358971, 315908, 297716, 32162.0
256.0, 4.0, 4.0, 128.0, 512.0, 409414, 357919, 314517, 297522, 34920.0
128.0, 4.0, 2.0, 64.0, 256.0, 409406, 374452, 316226, 298586, 32536.0
128.0, 4.0, 8.0, 128.0, 128.0, 409406, 357920, 314778, 297509, 33446.0
32.0, 2.0, 4.0, 32.0, 64.0, 448479, 363633, 315958, 298458, 30080.0
512.0, 8.0, 4.0, 256.0, 128.0, 407585, 356914, 314582, 297828, 40631.0
512.0, 4.0, 8.0, 64.0, 256.0, 409709, 356914, 314581, 297827, 39138.0
32.0, 2.0, 2.0, 128.0, 64.0, 448479, 380179, 317408, 299534, 29882.0
128.0, 4.0, 4.0, 256.0, 128.0, 409406, 357920, 314779, 297510, 32978.0
256.0, 8.0, 2.0, 512.0, 256.0, failed
64.0, 4.0, 8.0, 64.0, 64.0, 409626, 358971, 315907, 297715, 32524.0
256.0, 2.0, 4.0, 32.0, 512.0, 447761, 358519, 314596, 297669, 33627.0
256.0, 8.0, 4.0, 64.0, 64.0, 407279, 357919, 314517, 297522, 36879.0
64.0, 4.0, 4.0, 512.0, 256.0, failed
64.0, 4.0, 2.0, 32.0, 128.0, 409626, 375503, 317357, 298791, 31753.0
256.0, 2.0, 8.0, 256.0, 128.0, 447761, 358519, 314595, 297668, 34394.0
128.0, 4.0, 4.0, 128.0, 64.0, 409406, 357920, 314779, 297510, 32904.0
128.0, 2.0, 4.0, 64.0, 256.0, 447732, 358519, 314854, 297654, 31605.0
32.0, 8.0, 8.0, 256.0, 512.0, 408080, 363032, 315877, 298312, 34076.0
512.0, 4.0, 2.0, 128.0, 32.0, 409709, 373427, 316032, 298897, 38296.0
256.0, 4.0, 4.0, 64.0, 128.0, 409414, 357919, 314517, 297522, 34898.0
128.0, 4.0, 8.0, 256.0, 64.0, 409406, 357920, 314778, 297509, 33451.0
64.0, 4.0, 4.0, 32.0, 256.0, 409626, 358971, 315908, 297716, 31983.0
32.0, 4.0, 8.0, 512.0, 256.0, failed
128.0, 4.0, 8.0, 64.0, 32.0, 409406, 357920, 314778, 297509, 33233.0
64.0, 4.0, 4.0, 64.0, 128.0, 409626, 358971, 315908, 297716, 32105.0
128.0, 4.0, 8.0, 256.0, 512.0, 409406, 357920, 314778, 297509, 33389.0
32.0, 4.0, 4.0, 64.0, 128.0, 410217, 363032, 315878, 298313, 31465.0
64.0, 4.0, 8.0, 64.0, 256.0, 409626, 358971, 315907, 297715, 32500.0
64.0, 4.0, 4.0, 32.0, 64.0, 409626, 358971, 315908, 297716, 31930.0
512.0, 4.0, 8.0, 64.0, 32.0, 409709, 356914, 314581, 297827, 39004.0
128.0, 4.0, 4.0, 32.0, 64.0, 409406, 357920, 314779, 297510, 32761.0
64.0, 4.0, 4.0, 512.0, 64.0, failed
32.0, 4.0, 8.0, 256.0, 512.0, 410217, 363032, 315877, 298312, 31875.0
64.0, 8.0, 8.0, 512.0, 32.0, failed
64.0, 8.0, 8.0, 128.0, 256.0, 407494, 358971, 315907, 297715, 34774.0
256.0, 8.0, 2.0, 256.0, 512.0, 407279, 374451, 315965, 298597, 36680.0
64.0, 4.0, 8.0, 32.0, 512.0, 409626, 358971, 315907, 297715, 32425.0
512.0, 8.0, 4.0, 64.0, 128.0, 407585, 356914, 314582, 297828, 40614.0
128.0, 8.0, 2.0, 512.0, 64.0, failed
64.0, 8.0, 4.0, 64.0, 256.0, 407494, 358971, 315908, 297716, 34025.0
64.0, 4.0, 4.0, 32.0, 512.0, 409626, 358971, 315908, 297716, 31896.0
128.0, 4.0, 8.0, 32.0, 512.0, 409406, 357920, 314778, 297509, 33264.0
256.0, 8.0, 8.0, 512.0, 512.0, failed
256.0, 8.0, 8.0, 256.0, 64.0, 407279, 357919, 314516, 297521, 37730.0
256.0, 4.0, 4.0, 64.0, 512.0, 409414, 357919, 314517, 297522, 34792.0
32.0, 4.0, 8.0, 128.0, 128.0, 410217, 363032, 315877, 298312, 31949.0
64.0, 2.0, 2.0, 128.0, 32.0, 447989, 376105, 317434, 298937, 30418.0
128.0, 8.0, 4.0, 256.0, 128.0, 407272, 357920, 314779, 297510, 34842.0
128.0, 8.0, 4.0, 64.0, 64.0, 407272, 357920, 314779, 297510, 34821.0
512.0, 4.0, 2.0, 32.0, 256.0, 409709, 373427, 316032, 298897, 38341.0
512.0, 2.0, 4.0, 64.0, 128.0, 448061, 357515, 314662, 297973, 37438.0
64.0, 8.0, 2.0, 512.0, 512.0, failed
128.0, 4.0, 8.0, 32.0, 128.0, 409406, 357920, 314778, 297509, 33353.0
256.0, 4.0, 4.0, 256.0, 32.0, 409414, 357919, 314517, 297522, 34943.0
128.0, 4.0, 2.0, 128.0, 64.0, 409406, 374452, 316226, 298586, 32659.0
64.0, 4.0, 4.0, 64.0, 256.0, 409626, 358971, 315908, 297716, 32035.0
32.0, 2.0, 4.0, 256.0, 256.0, 448479, 363633, 315958, 298458, 30223.0
256.0, 8.0, 8.0, 128.0, 64.0, 407279, 357919, 314516, 297521, 37705.0
64.0, 8.0, 8.0, 64.0, 64.0, 407494, 358971, 315907, 297715, 34739.0
512.0, 2.0, 4.0, 256.0, 128.0, 448061, 357515, 314662, 297973, 37567.0
256.0, 4.0, 4.0, 32.0, 512.0, 409414, 357919, 314517, 297522, 34761.0
128.0, 4.0, 2.0, 512.0, 64.0, failed
64.0, 4.0, 4.0, 256.0, 128.0, 409626, 358971, 315908, 297716, 32136.0
256.0, 8.0, 2.0, 128.0, 256.0, 407279, 374451, 315965, 298597, 36754.0
32.0, 2.0, 4.0, 128.0, 32.0, 448479, 363633, 315958, 298458, 30002.0
32.0, 4.0, 2.0, 64.0, 128.0, 410217, 379578, 317328, 299389, 31216.0
128.0, 8.0, 4.0, 128.0, 64.0, 407272, 357920, 314779, 297510, 34845.0
64.0, 2.0, 8.0, 128.0, 512.0, 447989, 359573, 315984, 297861, 31346.0
128.0, 8.0, 4.0, 256.0, 256.0, 407272, 357920, 314779, 297510, 34833.0
256.0, 2.0, 2.0, 64.0, 128.0, 447761, 375051, 316044, 298744, 33517.0
512.0, 4.0, 8.0, 512.0, 32.0, failed
256.0, 4.0, 4.0, 128.0, 64.0, 409414, 357919, 314517, 297522, 34962.0
64.0, 4.0, 4.0, 64.0, 32.0, 409626, 358971, 315908, 297716, 31850.0
64.0, 4.0, 4.0, 512.0, 32.0, failed
128.0, 4.0, 4.0, 128.0, 32.0, 409406, 357920, 314779, 297510, 32768.0
64.0, 4.0, 8.0, 256.0, 128.0, 409626, 358971, 315907, 297715, 32598.0
64.0, 4.0, 4.0, 256.0, 512.0, 409626, 358971, 315908, 297716, 32070.0
128.0, 4.0, 8.0, 128.0, 512.0, 409406, 357920, 314778, 297509, 33364.0
128.0, 4.0, 4.0, 64.0, 512.0, 409406, 357920, 314779, 297510, 32696.0
256.0, 4.0, 8.0, 32.0, 256.0, 409414, 357919, 314516, 297521, 35444.0
128.0, 8.0, 8.0, 64.0, 128.0, 407272, 357920, 314778, 297509, 35580.0
32.0, 8.0, 4.0, 64.0, 64.0, 408080, 363032, 315878, 298313, 33391.0
512.0, 8.0, 4.0, 256.0, 32.0, 407585, 356914, 314582, 297828, 40503.0
32.0, 8.0, 8.0, 256.0, 256.0, 408080, 363032, 315877, 298312, 34170.0
64.0, 4.0, 8.0, 256.0, 32.0, 409626, 358971, 315907, 297715, 32519.0
128.0, 4.0, 8.0, 256.0, 32.0, 409406, 357920, 314778, 297509, 33347.0
128.0, 4.0, 4.0, 32.0, 256.0, 409406, 357920, 314779, 297510, 32739.0
512.0, 8.0, 4.0, 512.0, 256.0, failed
64.0, 4.0, 4.0, 32.0, 128.0, 409626, 358971, 315908, 297716, 31984.0
128.0, 4.0, 4.0, 256.0, 512.0, 409406, 357920, 314779, 297510, 32909.0
128.0, 4.0, 4.0, 256.0, 32.0, 409406, 357920, 314779, 297510, 32867.0
64.0, 8.0, 4.0, 128.0, 512.0, 407494, 358971, 315908, 297716, 33963.0
512.0, 2.0, 4.0, 32.0, 128.0, 448061, 357515, 314662, 297973, 37417.0
32.0, 4.0, 4.0, 128.0, 256.0, 410217, 363032, 315878, 298313, 31427.0
128.0, 4.0, 2.0, 128.0, 256.0, 409406, 374452, 316226, 298586, 32639.0
128.0, 8.0, 8.0, 512.0, 32.0, failed
64.0, 2.0, 8.0, 256.0, 512.0, 447989, 359573, 315984, 297861, 31389.0
256.0, 4.0, 2.0, 64.0, 64.0, 409414, 374451, 315965, 298597, 34624.0
256.0, 4.0, 8.0, 64.0, 256.0, 409414, 357919, 314516, 297521, 35436.0
64.0, 8.0, 2.0, 256.0, 128.0, 407494, 375503, 317357, 298791, 33864.0
64.0, 2.0, 4.0, 64.0, 32.0, 447989, 359573, 315985, 297862, 30611.0
256.0, 4.0, 4.0, 256.0, 256.0, 409414, 357919, 314517, 297522, 35086.0
128.0, 2.0, 2.0, 128.0, 128.0, 447732, 375051, 316301, 298730, 31477.0
128.0, 4.0, 8.0, 32.0, 64.0, 409406, 357920, 314778, 297509, 33352.0
32.0, 4.0, 4.0, 512.0, 64.0, failed
512.0, 8.0, 4.0, 128.0, 512.0, 407585, 356914, 314582, 297828, 40571.0
256.0, 2.0, 4.0, 32.0, 128.0, 447761, 358519, 314596, 297669, 33734.0
64.0, 4.0, 2.0, 512.0, 128.0, failed
512.0, 2.0, 4.0, 256.0, 32.0, 448061, 357515, 314662, 297973, 37441.0
32.0, 2.0, 8.0, 128.0, 512.0, 448479, 363633, 315957, 298457, 30689.0
256.0, 8.0, 2.0, 128.0, 64.0, 407279, 374451, 315965, 298597, 36718.0
128.0, 4.0, 4.0, 256.0, 256.0, 409406, 357920, 314779, 297510, 32972.0
128.0, 8.0, 8.0, 256.0, 128.0, 407272, 357920, 314778, 297509, 35783.0
32.0, 2.0, 2.0, 32.0, 512.0, 448479, 380179, 317408, 299534, 29724.0
512.0, 2.0, 8.0, 512.0, 64.0, failed
128.0, 8.0, 2.0, 64.0, 64.0, 407272, 374452, 316226, 298586, 34646.0
64.0, 8.0, 8.0, 512.0, 64.0, failed
512.0, 2.0, 2.0, 64.0, 512.0, 448061, 374028, 316112, 299042, 37108.0
32.0, 4.0, 2.0, 32.0, 128.0, 410217, 379578, 317328, 299389, 31113.0
256.0, 8.0, 4.0, 128.0, 256.0, 407279, 357919, 314517, 297522, 36939.0
128.0, 2.0, 4.0, 256.0, 32.0, 447732, 358519, 314854, 297654, 31659.0
64.0, 4.0, 4.0, 128.0, 128.0, 409626, 358971, 315908, 297716, 32064.0
32.0, 4.0, 4.0, 32.0, 256.0, 410217, 363032, 315878, 298313, 31346.0
32.0, 4.0, 4.0, 32.0, 512.0, 410217, 363032, 315878, 298313, 31244.0
256.0, 4.0, 8.0, 512.0, 64.0, failed
64.0, 4.0, 8.0, 128.0, 256.0, 409626, 358971, 315907, 297715, 32589.0
32.0, 4.0, 8.0, 256.0, 128.0, 410217, 363032, 315877, 298312, 31958.0
512.0, 4.0, 8.0, 256.0, 64.0, 409709, 356914, 314581, 297827, 39219.0
128.0, 4.0, 4.0, 512.0, 128.0, failed
64.0, 4.0, 4.0, 32.0, 32.0, 409626, 358971, 315908, 297716, 31813.0
64.0, 4.0, 4.0, 128.0, 512.0, 409626, 358971, 315908, 297716, 31971.0
512.0, 4.0, 4.0, 64.0, 256.0, 409709, 356914, 314582, 297828, 38582.0
64.0, 4.0, 2.0, 256.0, 64.0, 409626, 375503, 317357, 298791, 31868.0
128.0, 8.0, 8.0, 128.0, 32.0, 407272, 357920, 314778, 297509, 35518.0
256.0, 2.0, 4.0, 512.0, 512.0, failed
128.0, 8.0, 2.0, 256.0, 256.0, 407272, 374452, 316226, 298586, 34643.0
64.0, 2.0, 4.0, 64.0, 64.0, 447989, 359573, 315985, 297862, 30727.0
32.0, 4.0, 4.0, 128.0, 128.0, 410217, 363032, 315878, 298313, 31424.0
256.0, 4.0, 8.0, 32.0, 128.0, 409414, 357919, 314516, 297521, 35447.0
64.0, 2.0, 4.0, 512.0, 64.0, failed
128.0, 8.0, 4.0, 32.0, 128.0, 407272, 357920, 314779, 297510, 34799.0
256.0, 4.0, 2.0, 128.0, 256.0, 409414, 374451, 315965, 298597, 34753.0
32.0, 4.0, 2.0, 256.0, 32.0, 410217, 379578, 317328, 299389, 31121.0
256.0, 2.0, 4.0, 64.0, 256.0, 447761, 358519, 314596, 297669, 33731.0
128.0, 8.0, 2.0, 128.0, 128.0, 407272, 374452, 316226, 298586, 34663.0
256.0, 2.0, 4.0, 128.0, 64.0, 447761, 358519, 314596, 297669, 33784.0
64.0, 2.0, 2.0, 512.0, 256.0, failed
32.0, 8.0, 4.0, 32.0, 512.0, 408080, 363032, 315878, 298313, 33255.0
256.0, 8.0, 4.0, 64.0, 256.0, 407279, 357919, 314517, 297522, 36897.0
32.0, 2.0, 2.0, 256.0, 64.0, 448479, 380179, 317408, 299534, 29937.0
64.0, 8.0, 4.0, 512.0, 32.0, failed
512.0, 2.0, 8.0, 128.0, 128.0, 448061, 357515, 314661, 297972, 38076.0
64.0, 4.0, 4.0, 128.0, 32.0, 409626, 358971, 315908, 297716, 31940.0
512.0, 8.0, 2.0, 64.0, 256.0, 407585, 373427, 316032, 298897, 40424.0
64.0, 8.0, 4.0, 128.0, 128.0, 407494, 358971, 315908, 297716, 34053.0
256.0, 4.0, 4.0, 32.0, 128.0, 409414, 357919, 314517, 297522, 34856.0
128.0, 4.0, 8.0, 256.0, 256.0, 409406, 357920, 314778, 297509, 33447.0
32.0, 2.0, 2.0, 64.0, 64.0, 448479, 380179, 317408, 299534, 29854.0
256.0, 4.0, 4.0, 32.0, 256.0, 409414, 357919, 314517, 297522, 34853.0
512.0, 4.0, 2.0, 256.0, 64.0, 409709, 373427, 316032, 298897, 38463.0
64.0, 4.0, 2.0, 32.0, 512.0, 409626, 375503, 317357, 298791, 31666.0
32.0, 4.0, 2.0, 128.0, 32.0, 410217, 379578, 317328, 299389, 31046.0
64.0, 8.0, 4.0, 32.0, 128.0, 407494, 358971, 315908, 297716, 34000.0
64.0, 8.0, 4.0, 512.0, 64.0, failed
128.0, 4.0, 2.0, 64.0, 512.0, 409406, 374452, 316226, 298586, 32464.0
128.0, 2.0, 8.0, 64.0, 256.0, 447732, 358519, 314853, 297653, 32161.0
32.0, 4.0, 8.0, 128.0, 64.0, 410217, 363032, 315877, 298312, 31958.0
128.0, 2.0, 4.0, 512.0, 128.0, failed
32.0, 4.0, 4.0, 32.0, 64.0, 410217, 363032, 315878, 298313, 31352.0
64.0, 8.0, 8.0, 64.0, 128.0, 407494, 358971, 315907, 297715, 34773.0
64.0, 2.0, 2.0, 64.0, 64.0, 447989, 376105, 317434, 298937, 30487.0
256.0, 4.0, 4.0, 512.0, 256.0, failed
64.0, 8.0, 2.0, 128.0, 64.0, 407494, 375503, 317357, 298791, 33842.0
32.0, 4.0, 4.0, 256.0, 32.0, 410217, 363032, 315878, 298313, 31390.0
128.0, 8.0, 4.0, 32.0, 512.0, 407272, 357920, 314779, 297510, 34698.0
512.0, 2.0, 2.0, 256.0, 128.0, 448061, 374028, 316112, 299042, 37287.0
256.0, 2.0, 8.0, 64.0, 64.0, 447761, 358519, 314595, 297668, 34257.0
256.0, 8.0, 2.0, 256.0, 32.0, 407279, 374451, 315965, 298597, 36618.0
512.0, 4.0, 4.0, 512.0, 64.0, failed
32.0, 2.0, 2.0, 256.0, 128.0, 448479, 380179, 317408, 299534, 29919.0
64.0, 4.0, 2.0, 64.0, 512.0, 409626, 375503, 317357, 298791, 31710.0
128.0, 4.0, 4.0, 512.0, 256.0, failed
32.0, 8.0, 4.0, 64.0, 256.0, 408080, 363032, 315878, 298313, 33387.0
32.0, 4.0, 2.0, 128.0, 128.0, 410217, 379578, 317328, 299389, 31167.0
32.0, 4.0, 4.0, 128.0, 32.0, 410217, 363032, 315878, 298313, 31302.0
128.0, 2.0, 2.0, 64.0, 32.0, 447732, 375051, 316301, 298730, 31279.0
64.0, 4.0, 8.0, 64.0, 512.0, 409626, 358971, 315907, 297715, 32424.0
128.0, 2.0, 2.0, 32.0, 128.0, 447732, 375051, 316301, 298730, 31390.0
32.0, 4.0, 2.0, 32.0, 512.0, 410217, 379578, 317328, 299389, 31010.0
32.0, 4.0, 4.0, 32.0, 128.0, 410217, 363032, 315878, 298313, 31344.0
32.0, 4.0, 2.0, 64.0, 256.0, 410217, 379578, 317328, 299389, 31149.0
256.0, 2.0, 2.0, 128.0, 512.0, 447761, 375051, 316044, 298744, 33505.0
256.0, 4.0, 8.0, 128.0, 128.0, 409414, 357919, 314516, 297521, 35540.0
512.0, 2.0, 4.0, 128.0, 32.0, 448061, 357515, 314662, 297973, 37340.0
64.0, 2.0, 8.0, 64.0, 256.0, 447989, 359573, 315984, 297861, 31351.0
256.0, 8.0, 2.0, 256.0, 64.0, 407279, 374451, 315965, 298597, 36707.0
32.0, 4.0, 4.0, 256.0, 256.0, 410217, 363032, 315878, 298313, 31508.0
32.0, 4.0, 8.0, 256.0, 64.0, 410217, 363032, 315877, 298312, 31975.0
256.0, 8.0, 2.0, 64.0, 256.0, 407279, 374451, 315965, 298597, 36722.0
256.0, 4.0, 8.0, 128.0, 512.0, 409414, 357919, 314516, 297521, 35459.0
64.0, 4.0, 2.0, 256.0, 256.0, 409626, 375503, 317357, 298791, 31876.0
64.0, 4.0, 2.0, 64.0, 256.0, 409626, 375503, 317357, 298791, 31786.0
64.0, 4.0, 8.0, 128.0, 32.0, 409626, 358971, 315907, 297715, 32482.0
32.0, 2.0, 4.0, 64.0, 256.0, 448479, 363633, 315958, 298458, 30101.0
128.0, 4.0, 4.0, 128.0, 256.0, 409406, 357920, 314779, 297510, 32884.0
256.0, 8.0, 4.0, 64.0, 128.0, 407279, 357919, 314517, 297522, 36919.0
256.0, 2.0, 4.0, 64.0, 64.0, 447761, 358519, 314596, 297669, 33706.0
32.0, 4.0, 2.0, 128.0, 64.0, 410217, 379578, 317328, 299389, 31176.0
32.0, 8.0, 2.0, 128.0, 512.0, 408080, 379578, 317328, 299389, 33111.0
64.0, 2.0, 2.0, 64.0, 512.0, 447989, 376105, 317434, 298937, 30411.0
32.0, 2.0, 8.0, 128.0, 32.0, 448479, 363633, 315957, 298457, 30676.0
32.0, 4.0, 4.0, 256.0, 128.0, 410217, 363032, 315878, 298313, 31496.0
64.0, 2.0, 8.0, 64.0, 64.0, 447989, 359573, 315984, 297861, 31389.0
128.0, 2.0, 8.0, 128.0, 128.0, 447732, 358519, 314853, 297653, 32288.0
32.0, 8.0, 2.0, 32.0, 64.0, 408080, 379578, 317328, 299389, 33189.0
256.0, 4.0, 4.0, 128.0, 256.0, 409414, 357919, 314517, 297522, 34998.0
512.0, 4.0, 2.0, 64.0, 512.0, 409709, 373427, 316032, 298897, 38266.0
64.0, 2.0, 4.0, 64.0, 128.0, 447989, 359573, 315985, 297862, 30810.0
256.0, 8.0, 4.0, 256.0, 256.0, 407279, 357919, 314517, 297522, 36947.0
128.0, 2.0, 2.0, 256.0, 256.0, 447732, 375051, 316301, 298730, 31485.0
512.0, 8.0, 8.0, 64.0, 32.0, 407585, 356914, 314581, 297827, 41223.0
256.0, 2.0, 4.0, 32.0, 64.0, 447761, 358519, 314596, 297669, 33696.0
32.0, 4.0, 8.0, 128.0, 256.0, 410217, 363032, 315877, 298312, 31952.0
128.0, 2.0, 2.0, 32.0, 64.0, 447732, 375051, 316301, 298730, 31389.0
128.0, 8.0, 4.0, 512.0, 256.0, failed
512.0, 4.0, 4.0, 128.0, 256.0, 409709, 356914, 314582, 297828, 38700.0
256.0, 4.0, 2.0, 64.0, 128.0, 409414, 374451, 315965, 298597, 34662.0
256.0, 2.0, 8.0, 256.0, 512.0, 447761, 358519, 314595, 297668, 34333.0
64.0, 8.0, 4.0, 64.0, 32.0, 407494, 358971, 315908, 297716, 33893.0
64.0, 8.0, 2.0, 256.0, 256.0, 407494, 375503, 317357, 298791, 33874.0
32.0, 2.0, 4.0, 512.0, 128.0, failed
512.0, 8.0, 8.0, 32.0, 128.0, 407585, 356914, 314581, 297827, 41391.0
128.0, 4.0, 2.0, 128.0, 32.0, 409406, 374452, 316226, 298586, 32524.0
256.0, 4.0, 8.0, 128.0, 256.0, 409414, 357919, 314516, 297521, 35537.0
32.0, 2.0, 4.0, 256.0, 512.0, 448479, 363633, 315958, 298458, 30129.0
128.0, 2.0, 4.0, 32.0, 256.0, 447732, 358519, 314854, 297654, 31601.0
512.0, 2.0, 4.0, 128.0, 64.0, 448061, 357515, 314662, 297973, 37477.0
512.0, 2.0, 4.0, 512.0, 64.0, failed
64.0, 8.0, 4.0, 32.0, 512.0, 407494, 358971, 315908, 297716, 33915.0
512.0, 8.0, 4.0, 64.0, 512.0, 407585, 356914, 314582, 297828, 40524.0
128.0, 4.0, 4.0, 512.0, 64.0, failed
128.0, 2.0, 4.0, 256.0, 64.0, 447732, 358519, 314854, 297654, 31764.0
128.0, 2.0, 4.0, 512.0, 64.0, failed
256.0, 4.0, 8.0, 512.0, 128.0, failed
512.0, 4.0, 4.0, 512.0, 32.0, failed
32.0, 2.0, 4.0, 512.0, 64.0, failed
256.0, 4.0, 4.0, 512.0, 128.0, failed
32.0, 4.0, 8.0, 512.0, 128.0, failed
256.0, 8.0, 4.0, 256.0, 32.0, 407279, 357919, 314517, 297522, 36807.0
256.0, 4.0, 8.0, 512.0, 256.0, failed
512.0, 2.0, 8.0, 256.0, 32.0, 448061, 357515, 314661, 297972, 37963.0
128.0, 2.0, 8.0, 32.0, 64.0, 447732, 358519, 314853, 297653, 32295.0
128.0, 2.0, 8.0, 256.0, 512.0, 447732, 358519, 314853, 297653, 32237.0
512.0, 2.0, 8.0, 64.0, 512.0, 448061, 357515, 314661, 297972, 37899.0
256.0, 2.0, 4.0, 512.0, 128.0, failed
32.0, 8.0, 4.0, 512.0, 128.0, failed
32.0, 8.0, 4.0, 512.0, 512.0, failed
64.0, 4.0, 4.0, 512.0, 512.0, failed
128.0, 8.0, 4.0, 512.0, 128.0, failed
512.0, 8.0, 8.0, 512.0, 32.0, failed
256.0, 8.0, 8.0, 512.0, 64.0, failed
128.0, 8.0, 4.0, 128.0, 256.0, 407272, 357920, 314779, 297510, 34825.0
64.0, 4.0, 8.0, 32.0, 256.0, 409626, 358971, 315907, 297715, 32508.0
32.0, 4.0, 4.0, 64.0, 512.0, 410217, 363032, 315878, 298313, 31303.0
512.0, 8.0, 8.0, 64.0, 128.0, 407585, 356914, 314581, 297827, 41368.0
64.0, 2.0, 2.0, 256.0, 128.0, 447989, 376105, 317434, 298937, 30560.0
64.0, 4.0, 8.0, 256.0, 64.0, 409626, 358971, 315907, 297715, 32634.0
512.0, 4.0, 2.0, 64.0, 256.0, 409709, 373427, 316032, 298897, 38352.0
32.0, 2.0, 4.0, 64.0, 64.0, 448479, 363633, 315958, 298458, 30107.0
64.0, 8.0, 2.0, 128.0, 32.0, 407494, 375503, 317357, 298791, 33712.0
128.0, 2.0, 8.0, 128.0, 512.0, 447732, 358519, 314853, 297653, 32206.0
128.0, 8.0, 2.0, 512.0, 256.0, failed
256.0, 4.0, 2.0, 128.0, 32.0, 409414, 374451, 315965, 298597, 34600.0
64.0, 2.0, 4.0, 256.0, 128.0, 447989, 359573, 315985, 297862, 30851.0
512.0, 8.0, 8.0, 128.0, 64.0, 407585, 356914, 314581, 297827, 41414.0
256.0, 8.0, 4.0, 256.0, 512.0, 407279, 357919, 314517, 297522, 36870.0
128.0, 2.0, 8.0, 512.0, 256.0, failed
256.0, 4.0, 8.0, 128.0, 64.0, 409414, 357919, 314516, 297521, 35501.0
256.0, 8.0, 4.0, 256.0, 64.0, 407279, 357919, 314517, 297522, 36894.0
64.0, 2.0, 8.0, 512.0, 32.0, failed
512.0, 4.0, 4.0, 128.0, 512.0, 409709, 356914, 314582, 297828, 38630.0
32.0, 8.0, 4.0, 32.0, 256.0, 408080, 363032, 315878, 298313, 33361.0
256.0, 2.0, 4.0, 256.0, 64.0, 447761, 358519, 314596, 297669, 33847.0
64.0, 2.0, 4.0, 512.0, 128.0, failed
256.0, 8.0, 8.0, 128.0, 512.0, 407279, 357919, 314516, 297521, 37662.0
256.0, 4.0, 4.0, 64.0, 64.0, 409414, 357919, 314517, 297522, 34859.0
64.0, 8.0, 8.0, 256.0, 64.0, 407494, 358971, 315907, 297715, 34831.0
64.0, 2.0, 8.0, 512.0, 512.0, failed
512.0, 4.0, 4.0, 32.0, 128.0, 409709, 356914, 314582, 297828, 38551.0
128.0, 4.0, 8.0, 512.0, 512.0, failed
128.0, 8.0, 2.0, 64.0, 256.0, 407272, 374452, 316226, 298586, 34608.0
64.0, 8.0, 8.0, 512.0, 256.0, failed
256.0, 2.0, 8.0, 32.0, 64.0, 447761, 358519, 314595, 297668, 34367.0
128.0, 2.0, 8.0, 64.0, 512.0, 447732, 358519, 314853, 297653, 32094.0
512.0, 4.0, 2.0, 512.0, 512.0, failed
256.0, 4.0, 4.0, 256.0, 512.0, 409414, 357919, 314517, 297522, 35009.0
32.0, 4.0, 8.0, 512.0, 32.0, failed
512.0, 4.0, 4.0, 512.0, 128.0, failed
512.0, 2.0, 8.0, 512.0, 128.0, failed
64.0, 2.0, 8.0, 256.0, 128.0, 447989, 359573, 315984, 297861, 31454.0
64.0, 4.0, 8.0, 512.0, 256.0, failed
256.0, 4.0, 4.0, 512.0, 512.0, failed
256.0, 2.0, 2.0, 512.0, 512.0, failed
512.0, 8.0, 4.0, 512.0, 128.0, failed
256.0, 8.0, 2.0, 512.0, 128.0, failed
128.0, 8.0, 8.0, 512.0, 256.0, failed
256.0, 8.0, 4.0, 512.0, 256.0, failed
256.0, 2.0, 4.0, 512.0, 256.0, failed
512.0, 2.0, 4.0, 512.0, 32.0, failed
256.0, 8.0, 4.0, 512.0, 128.0, failed
128.0, 8.0, 4.0, 256.0, 32.0, 407272, 357920, 314779, 297510, 34731.0
256.0, 2.0, 4.0, 128.0, 128.0, 447761, 358519, 314596, 297669, 33819.0
32.0, 4.0, 8.0, 32.0, 64.0, 410217, 363032, 315877, 298312, 31877.0
512.0, 2.0, 2.0, 32.0, 32.0, 448061, 374028, 316112, 299042, 37028.0
256.0, 8.0, 8.0, 512.0, 128.0, failed
64.0, 8.0, 2.0, 64.0, 128.0, 407494, 375503, 317357, 298791, 33914.0
64.0, 8.0, 4.0, 64.0, 512.0, 407494, 358971, 315908, 297716, 33948.0
128.0, 8.0, 4.0, 32.0, 64.0, 407272, 357920, 314779, 297510, 34798.0
32.0, 8.0, 8.0, 128.0, 64.0, 408080, 363032, 315877, 298312, 34142.0
32.0, 4.0, 4.0, 256.0, 64.0, 410217, 363032, 315878, 298313, 31513.0
64.0, 8.0, 8.0, 32.0, 256.0, 407494, 358971, 315907, 297715, 34725.0
32.0, 8.0, 4.0, 64.0, 128.0, 408080, 363032, 315878, 298313, 33452.0
128.0, 8.0, 8.0, 128.0, 128.0, 407272, 357920, 314778, 297509, 35649.0
64.0, 8.0, 8.0, 128.0, 512.0, 407494, 358971, 315907, 297715, 34681.0
32.0, 2.0, 4.0, 32.0, 512.0, 448479, 363633, 315958, 298458, 29969.0
256.0, 8.0, 8.0, 64.0, 256.0, 407279, 357919, 314516, 297521, 37800.0
128.0, 4.0, 2.0, 256.0, 32.0, 409406, 374452, 316226, 298586, 32591.0
32.0, 8.0, 2.0, 256.0, 64.0, 408080, 379578, 317328, 299389, 33240.0
64.0, 8.0, 2.0, 128.0, 128.0, 407494, 375503, 317357, 298791, 33861.0
512.0, 8.0, 2.0, 256.0, 32.0, 407585, 373427, 316032, 298897, 40314.0
32.0, 4.0, 2.0, 128.0, 256.0, 410217, 379578, 317328, 299389, 31170.0
128.0, 8.0, 4.0, 128.0, 32.0, 407272, 357920, 314779, 297510, 34713.0
512.0, 4.0, 4.0, 64.0, 128.0, 409709, 356914, 314582, 297828, 38592.0
256.0, 8.0, 2.0, 256.0, 128.0, 407279, 374451, 315965, 298597, 36748.0
32.0, 8.0, 4.0, 128.0, 512.0, 408080, 363032, 315878, 298313, 33303.0
32.0, 4.0, 8.0, 128.0, 32.0, 410217, 363032, 315877, 298312, 31827.0
256.0, 4.0, 8.0, 64.0, 32.0, 409414, 357919, 314516, 297521, 35308.0
128.0, 8.0, 2.0, 64.0, 512.0, 407272, 374452, 316226, 298586, 34543.0
256.0, 4.0, 4.0, 32.0, 32.0, 409414, 357919, 314517, 297522, 34709.0
512.0, 8.0, 4.0, 32.0, 64.0, 407585, 356914, 314582, 297828, 40565.0
64.0, 4.0, 2.0, 32.0, 64.0, 409626, 375503, 317357, 298791, 31718.0
512.0, 4.0, 4.0, 32.0, 256.0, 409709, 356914, 314582, 297828, 38555.0
512.0, 4.0, 8.0, 256.0, 256.0, 409709, 356914, 314581, 297827, 39263.0
512.0, 4.0, 8.0, 128.0, 128.0, 409709, 356914, 314581, 297827, 39235.0
32.0, 8.0, 8.0, 256.0, 64.0, 408080, 363032, 315877, 298312, 34174.0
128.0, 4.0, 8.0, 512.0, 64.0, failed
128.0, 4.0, 2.0, 512.0, 32.0, failed
64.0, 4.0, 2.0, 128.0, 32.0, 409626, 375503, 317357, 298791, 31690.0
256.0, 4.0, 2.0, 512.0, 128.0, failed
128.0, 8.0, 4.0, 256.0, 512.0, 407272, 357920, 314779, 297510, 34775.0
128.0, 4.0, 8.0, 32.0, 32.0, 409406, 357920, 314778, 297509, 33225.0
64.0, 4.0, 2.0, 128.0, 256.0, 409626, 375503, 317357, 298791, 31808.0
512.0, 2.0, 4.0, 256.0, 64.0, 448061, 357515, 314662, 297973, 37544.0
512.0, 8.0, 8.0, 128.0, 128.0, 407585, 356914, 314581, 297827, 41437.0
128.0, 2.0, 8.0, 512.0, 64.0, failed
64.0, 8.0, 2.0, 32.0, 64.0, 407494, 375503, 317357, 298791, 33806.0
128.0, 8.0, 8.0, 256.0, 32.0, 407272, 357920, 314778, 297509, 35557.0
512.0, 4.0, 8.0, 256.0, 128.0, 409709, 356914, 314581, 297827, 39245.0
64.0, 2.0, 8.0, 64.0, 32.0, 447989, 359573, 315984, 297861, 31277.0
512.0, 8.0, 4.0, 128.0, 256.0, 407585, 356914, 314582, 297828, 40641.0
128.0, 2.0, 4.0, 64.0, 32.0, 447732, 358519, 314854, 297654, 31521.0
256.0, 8.0, 8.0, 32.0, 256.0, 407279, 357919, 314516, 297521, 37692.0
512.0, 8.0, 4.0, 512.0, 32.0, failed
256.0, 2.0, 4.0, 32.0, 256.0, 447761, 358519, 314596, 297669, 33731.0
512.0, 4.0, 8.0, 64.0, 64.0, 409709, 356914, 314581, 297827, 39125.0
128.0, 2.0, 4.0, 512.0, 256.0, failed
64.0, 8.0, 8.0, 512.0, 128.0, failed
32.0, 2.0, 4.0, 512.0, 256.0, failed
256.0, 4.0, 2.0, 512.0, 32.0, failed
128.0, 8.0, 4.0, 512.0, 512.0, failed
128.0, 8.0, 8.0, 512.0, 128.0, failed
64.0, 8.0, 4.0, 512.0, 128.0, failed
128.0, 8.0, 2.0, 512.0, 32.0, failed
256.0, 4.0, 4.0, 512.0, 64.0, failed
512.0, 4.0, 4.0, 512.0, 256.0, failed
512.0, 8.0, 2.0, 512.0, 64.0, failed
256.0, 4.0, 2.0, 512.0, 256.0, failed
512.0, 4.0, 2.0, 32.0, 32.0, 409709, 373427, 316032, 298897, 38192.0
128.0, 2.0, 8.0, 512.0, 512.0, failed
32.0, 8.0, 4.0, 128.0, 128.0, 408080, 363032, 315878, 298313, 33412.0
256.0, 8.0, 4.0, 64.0, 512.0, 407279, 357919, 314517, 297522, 36814.0
256.0, 2.0, 2.0, 256.0, 128.0, 447761, 375051, 316044, 298744, 33604.0
128.0, 8.0, 2.0, 128.0, 64.0, 407272, 374452, 316226, 298586, 34660.0
512.0, 4.0, 8.0, 128.0, 256.0, 409709, 356914, 314581, 297827, 39239.0
512.0, 4.0, 4.0, 128.0, 128.0, 409709, 356914, 314582, 297828, 38696.0
512.0, 8.0, 8.0, 128.0, 256.0, 407585, 356914, 314581, 297827, 41441.0
256.0, 4.0, 8.0, 128.0, 32.0, 409414, 357919, 314516, 297521, 35387.0
512.0, 8.0, 4.0, 64.0, 32.0, 407585, 356914, 314582, 297828, 40469.0
128.0, 4.0, 8.0, 512.0, 256.0, failed
128.0, 4.0, 2.0, 256.0, 64.0, 409406, 374452, 316226, 298586, 32695.0
64.0, 2.0, 2.0, 32.0, 64.0, 447989, 376105, 317434, 298937, 30397.0
128.0, 2.0, 2.0, 128.0, 64.0, 447732, 375051, 316301, 298730, 31474.0
512.0, 8.0, 2.0, 64.0, 512.0, 407585, 373427, 316032, 298897, 40349.0
32.0, 8.0, 4.0, 32.0, 64.0, 408080, 363032, 315878, 298313, 33366.0
64.0, 2.0, 4.0, 32.0, 512.0, 447989, 359573, 315985, 297862, 30627.0
64.0, 2.0, 8.0, 32.0, 64.0, 447989, 359573, 315984, 297861, 31303.0
256.0, 2.0, 2.0, 128.0, 128.0, 447761, 375051, 316044, 298744, 33585.0
64.0, 8.0, 8.0, 128.0, 128.0, 407494, 358971, 315907, 297715, 34775.0
512.0, 2.0, 8.0, 256.0, 64.0, 448061, 357515, 314661, 297972, 38063.0
256.0, 2.0, 4.0, 64.0, 512.0, 447761, 358519, 314596, 297669, 33652.0
256.0, 2.0, 8.0, 256.0, 256.0, 447761, 358519, 314595, 297668, 34408.0
64.0, 8.0, 8.0, 256.0, 512.0, 407494, 358971, 315907, 297715, 34736.0
256.0, 8.0, 2.0, 32.0, 128.0, 407279, 374451, 315965, 298597, 36718.0
256.0, 4.0, 4.0, 128.0, 32.0, 409414, 357919, 314517, 297522, 34844.0
256.0, 8.0, 8.0, 256.0, 128.0, 407279, 357919, 314516, 297521, 37876.0
32.0, 2.0, 8.0, 128.0, 128.0, 448479, 363633, 315957, 298457, 30798.0
256.0, 8.0, 8.0, 64.0, 64.0, 407279, 357919, 314516, 297521, 37635.0
256.0, 2.0, 4.0, 256.0, 128.0, 447761, 358519, 314596, 297669, 33893.0
256.0, 8.0, 8.0, 32.0, 512.0, 407279, 357919, 314516, 297521, 37609.0
128.0, 4.0, 2.0, 256.0, 128.0, 409406, 374452, 316226, 298586, 32702.0
64.0, 8.0, 4.0, 128.0, 64.0, 407494, 358971, 315908, 297716, 34029.0
512.0, 4.0, 8.0, 128.0, 32.0, 409709, 356914, 314581, 297827, 39083.0
64.0, 2.0, 4.0, 512.0, 512.0, failed
256.0, 2.0, 2.0, 128.0, 64.0, 447761, 375051, 316044, 298744, 33546.0
256.0, 4.0, 8.0, 256.0, 128.0, 409414, 357919, 314516, 297521, 35550.0
512.0, 8.0, 4.0, 512.0, 64.0, failed
128.0, 8.0, 4.0, 256.0, 64.0, 407272, 357920, 314779, 297510, 34835.0
64.0, 2.0, 2.0, 64.0, 128.0, 447989, 376105, 317434, 298937, 30557.0
512.0, 4.0, 8.0, 32.0, 64.0, 409709, 356914, 314581, 297827, 39119.0
512.0, 4.0, 2.0, 32.0, 64.0, 409709, 373427, 316032, 298897, 38314.0
32.0, 2.0, 4.0, 128.0, 64.0, 448479, 363633, 315958, 298458, 30133.0
256.0, 8.0, 2.0, 64.0, 128.0, 407279, 374451, 315965, 298597, 36744.0
64.0, 2.0, 2.0, 32.0, 256.0, 447989, 376105, 317434, 298937, 30464.0
32.0, 8.0, 2.0, 256.0, 256.0, 408080, 379578, 317328, 299389, 33236.0
128.0, 8.0, 8.0, 32.0, 256.0, 407272, 357920, 314778, 297509, 35579.0
128.0, 2.0, 4.0, 128.0, 128.0, 447732, 358519, 314854, 297654, 31711.0
32.0, 8.0, 8.0, 128.0, 512.0, 408080, 363032, 315877, 298312, 34025.0
512.0, 4.0, 2.0, 256.0, 128.0, 409709, 373427, 316032, 298897, 38490.0
256.0, 2.0, 8.0, 128.0, 128.0, 447761, 358519, 314595, 297668, 34381.0
128.0, 2.0, 8.0, 256.0, 32.0, 447732, 358519, 314853, 297653, 32190.0
32.0, 2.0, 8.0, 256.0, 64.0, 448479, 363633, 315957, 298457, 30831.0
128.0, 2.0, 8.0, 32.0, 256.0, 447732, 358519, 314853, 297653, 32272.0
256.0, 2.0, 2.0, 256.0, 32.0, 447761, 375051, 316044, 298744, 33471.0
32.0, 8.0, 8.0, 64.0, 128.0, 408080, 363032, 315877, 298312, 34132.0
64.0, 4.0, 2.0, 512.0, 256.0, failed
512.0, 2.0, 2.0, 64.0, 128.0, 448061, 374028, 316112, 299042, 37200.0
128.0, 8.0, 2.0, 32.0, 64.0, 407272, 374452, 316226, 298586, 34623.0
128.0, 8.0, 8.0, 64.0, 32.0, 407272, 357920, 314778, 297509, 35452.0
256.0, 8.0, 8.0, 32.0, 64.0, 407279, 357919, 314516, 297521, 37658.0
64.0, 2.0, 2.0, 256.0, 256.0, 447989, 376105, 317434, 298937, 30570.0
32.0, 8.0, 8.0, 32.0, 128.0, 408080, 363032, 315877, 298312, 34086.0
256.0, 4, 2.0, 128.0, 32.0, failed
64.0, 4, 4.0, 64.0, 256.0, failed
128.0, 4, 8.0, 128.0, 64.0, failed
512.0, 4, 4.0, 256.0, 128.0, failed
256.0, 4, 4.0, 256.0, 128.0, failed
64.0, 4, 8.0, 32.0, 256.0, failed
32.0, 4, 4.0, 64.0, 64.0, failed
128.0, 4, 2.0, 512.0, 512.0, failed
128.0, 4, 4.0, 256.0, 128.0, failed
32.0, 4, 2.0, 128.0, 256.0, failed
64.0, 4, 4.0, 64.0, 64.0, failed
256.0, 4, 8.0, 128.0, 512.0, failed
512.0, 4, 8.0, 512.0, 32.0, failed
128.0, 4, 4.0, 64.0, 256.0, failed
64.0, 4, 2.0, 32.0, 64.0, failed
256.0, 4, 4.0, 256.0, 128.0, failed
32.0, 4, 8.0, 64.0, 256.0, failed
512.0, 4, 2.0, 256.0, 64.0, failed
128.0, 4, 4.0, 128.0, 256.0, failed
128.0, 4, 4.0, 32.0, 64.0, failed
64.0, 4, 4.0, 128.0, 512.0, failed
256.0, 4, 4.0, 512.0, 128.0, failed
256.0, 4, 2.0, 256.0, 128.0, failed
64.0, 4, 8.0, 64.0, 32.0, failed
64.0, 4, 2.0, 32.0, 512.0, failed
256.0, 4, 8.0, 128.0, 128.0, failed
256.0, 4, 4.0, 256.0, 128.0, failed
64.0, 4, 4.0, 64.0, 32.0, failed
128.0, 4, 4.0, 64.0, 256.0, failed
128.0, 4, 4.0, 256.0, 64.0, failed
512.0, 4, 8.0, 512.0, 256.0, failed
32.0, 4, 2.0, 128.0, 64.0, failed
512.0, 4, 8.0, 128.0, 128.0, failed
32.0, 4, 4.0, 256.0, 64.0, failed
128.0, 4, 2.0, 128.0, 256.0, failed
128.0, 4, 4.0, 64.0, 128.0, failed
256.0, 4, 4.0, 64.0, 512.0, failed
64.0, 4, 2.0, 512.0, 64.0, failed
64.0, 4, 4.0, 256.0, 256.0, failed
256.0, 4, 8.0, 32.0, 32.0, failed
256.0, 4, 4.0, 64.0, 512.0, failed
64.0, 4, 8.0, 128.0, 64.0, failed
64.0, 4, 4.0, 256.0, 256.0, failed
256.0, 4, 2.0, 128.0, 32.0, failed
128.0, 4, 2.0, 32.0, 128.0, failed
128.0, 4, 4.0, 256.0, 64.0, failed
32.0, 4, 8.0, 512.0, 256.0, failed
512.0, 4, 4.0, 64.0, 128.0, failed
128.0, 4, 8.0, 32.0, 128.0, failed
512.0, 4, 4.0, 256.0, 128.0, failed
128.0, 4, 2.0, 256.0, 32.0, failed
32.0, 4, 4.0, 128.0, 512.0, failed
64.0, 4, 4.0, 64.0, 64.0, failed
256.0, 4, 2.0, 512.0, 256.0, failed
256.0, 4, 4.0, 128.0, 64.0, failed
64.0, 4, 8.0, 64.0, 256.0, failed
64.0, 4, 4.0, 128.0, 64.0, failed
256.0, 4, 8.0, 256.0, 256.0, failed
256.0, 4, 4.0, 256.0, 64.0, failed
64.0, 4, 2.0, 32.0, 256.0, failed
32.0, 4, 2.0, 64.0, 128.0, failed
128.0, 4, 4.0, 128.0, 128.0, failed
512.0, 4, 8.0, 512.0, 32.0, failed
128.0, 4, 4.0, 64.0, 512.0, failed
256.0, 4, 2.0, 128.0, 64.0, failed
128.0, 4, 8.0, 256.0, 256.0, failed
32.0, 4, 4.0, 512.0, 32.0, failed
256.0, 4, 4.0, 64.0, 512.0, failed
128.0, 4, 4.0, 64.0, 64.0, failed
64.0, 4, 4.0, 128.0, 256.0, failed
64.0, 4, 8.0, 256.0, 128.0, failed
512.0, 4, 2.0, 32.0, 128.0, failed
512.0, 4, 8.0, 64.0, 64.0, failed
64.0, 4, 2.0, 512.0, 256.0, failed
64.0, 4, 4.0, 256.0, 128.0, failed
128.0, 4, 4.0, 128.0, 128.0, failed
256.0, 4, 4.0, 32.0, 64.0, failed
32.0, 4, 4.0, 256.0, 256.0, failed
128.0, 4, 2.0, 128.0, 32.0, failed
256.0, 4, 8.0, 64.0, 512.0, failed
64.0, 4, 2.0, 512.0, 64.0, failed
256.0, 4, 4.0, 64.0, 128.0, failed
256.0, 4, 8.0, 64.0, 32.0, failed
64.0, 4, 4.0, 128.0, 256.0, failed
32.0, 4, 4.0, 256.0, 64.0, failed
128.0, 4, 8.0, 128.0, 512.0, failed
512.0, 4, 4.0, 32.0, 128.0, failed
128.0, 4, 2.0, 256.0, 256.0, failed
128.0, 4, 4.0, 128.0, 64.0, failed
512.0, 4, 2.0, 64.0, 512.0, failed
128.0, 4, 4.0, 64.0, 128.0, failed
32.0, 4, 8.0, 512.0, 256.0, failed
64.0, 4, 8.0, 256.0, 64.0, failed
256.0, 4, 4.0, 32.0, 128.0, failed
256.0, 4, 2.0, 128.0, 32.0, failed
64.0, 4, 4.0, 256.0, 256.0, failed
128.0, 4, 8.0, 128.0, 256.0, failed
128.0, 4, 2.0, 64.0, 64.0, failed
32.0, 4, 4.0, 128.0, 256.0, failed
512.0, 4, 4.0, 256.0, 64.0, failed
256.0, 4, 4.0, 256.0, 512.0, failed
64.0, 4, 4.0, 32.0, 32.0, failed
64.0, 4, 2.0, 64.0, 128.0, failed
256.0, 4, 8.0, 512.0, 128.0, failed
256.0, 4, 2.0, 256.0, 512.0, failed
64.0, 4, 8.0, 128.0, 32.0, failed
64.0, 4, 4.0, 64.0, 128.0, failed
256.0, 4, 4.0, 128.0, 128.0, failed
512.0, 4, 4.0, 512.0, 256.0, failed
32.0, 4, 4.0, 64.0, 64.0, failed
128.0, 4, 8.0, 32.0, 256.0, failed
128.0, 4, 2.0, 256.0, 64.0, failed
64.0, 4, 4.0, 256.0, 32.0, failed
256.0, 4, 2.0, 128.0, 512.0, failed
256.0, 4, 4.0, 32.0, 64.0, failed
64.0, 4, 8.0, 256.0, 256.0, failed
32.0, 4, 8.0, 128.0, 128.0, failed
512.0, 4, 4.0, 64.0, 128.0, failed
128.0, 4, 2.0, 64.0, 64.0, failed
128.0, 4, 4.0, 512.0, 256.0, failed
128.0, 4, 2.0, 256.0, 128.0, failed
128.0, 4, 4.0, 32.0, 128.0, failed
512.0, 4, 8.0, 128.0, 64.0, failed
32.0, 4, 4.0, 256.0, 256.0, failed
64.0, 4, 4.0, 512.0, 32.0, failed
256.0, 4, 8.0, 64.0, 512.0, failed
256.0, 4, 4.0, 64.0, 64.0, failed
64.0, 4, 2.0, 128.0, 256.0, failed
128.0, 4, 2.0, 512.0, 128.0, failed
64.0, 4, 8.0, 64.0, 256.0, failed
64.0, 4, 4.0, 128.0, 64.0, failed
512.0, 4, 4.0, 256.0, 128.0, failed
256.0, 4, 4.0, 256.0, 32.0, failed
32.0, 4, 4.0, 32.0, 256.0, failed
128.0, 4, 8.0, 64.0, 64.0, failed
256.0, 4, 2.0, 128.0, 512.0, failed
256.0, 4, 8.0, 256.0, 32.0, failed
128.0, 4, 2.0, 128.0, 256.0, failed
32.0, 4, 4.0, 64.0, 64.0, failed
256.0, 4, 4.0, 512.0, 512.0, failed
512.0, 4, 4.0, 128.0, 128.0, failed
64.0, 4, 4.0, 64.0, 256.0, failed
64.0, 4, 2.0, 32.0, 64.0, failed
128.0, 4, 8.0, 256.0, 128.0, failed
128.0, 4, 8.0, 64.0, 64.0, failed
256.0, 4, 2.0, 128.0, 256.0, failed
256.0, 4, 4.0, 512.0, 64.0, failed
32.0, 4, 4.0, 64.0, 256.0, failed
64.0, 4, 4.0, 128.0, 128.0, failed
512.0, 4, 4.0, 256.0, 512.0, failed
128.0, 4, 2.0, 256.0, 32.0, failed
64.0, 4, 8.0, 32.0, 128.0, failed
64.0, 4, 2.0, 64.0, 128.0, failed
128.0, 4, 8.0, 512.0, 512.0, failed
512.0, 4, 4.0, 128.0, 32.0, failed
64.0, 4, 4.0, 64.0, 128.0, failed
32.0, 4, 4.0, 32.0, 64.0, failed
256.0, 4, 4.0, 256.0, 256.0, failed
256.0, 4, 8.0, 256.0, 64.0, failed
128.0, 4, 2.0, 128.0, 256.0, failed
512.0, 4, 4.0, 64.0, 512.0, failed
128.0, 4, 4.0, 256.0, 128.0, failed
64.0, 4, 8.0, 128.0, 256.0, failed
256.0, 4, 2.0, 32.0, 64.0, failed
128.0, 4, 2.0, 128.0, 128.0, failed
32.0, 4, 8.0, 512.0, 32.0, failed
64.0, 4, 4.0, 256.0, 256.0, failed
256.0, 4, 4.0, 64.0, 64.0, failed
256.0, 4, 4.0, 32.0, 128.0, failed
64.0, 4, 4.0, 128.0, 32.0, failed
32.0, 4, 2.0, 256.0, 256.0, failed
128.0, 4, 8.0, 64.0, 64.0, failed
256.0, 4, 8.0, 64.0, 512.0, failed
64.0, 4, 2.0, 256.0, 128.0, failed
128.0, 4, 4.0, 512.0, 256.0, failed
512.0, 4, 4.0, 128.0, 64.0, failed
512.0, 4, 8.0, 256.0, 32.0, failed
64.0, 4, 4.0, 128.0, 256.0, failed
32.0, 4, 2.0, 32.0, 128.0, failed
256.0, 4, 4.0, 256.0, 256.0, failed
128.0, 4, 4.0, 512.0, 64.0, failed
64.0, 4, 2.0, 64.0, 128.0, failed
128.0, 4, 4.0, 64.0, 64.0, failed
256.0, 4, 8.0, 128.0, 512.0, failed
256.0, 4, 4.0, 256.0, 64.0, failed
128.0, 4, 8.0, 32.0, 128.0, failed
64.0, 4, 4.0, 128.0, 64.0, failed
128.0, 4, 2.0, 256.0, 512.0, failed
256.0, 4, 2.0, 128.0, 32.0, failed
32.0, 4, 4.0, 64.0, 256.0, failed
64.0, 4, 8.0, 64.0, 128.0, failed
512.0, 4, 4.0, 512.0, 256.0, failed
512.0, 4, 4.0, 64.0, 128.0, failed
64.0, 4, 4.0, 512.0, 256.0, failed
128.0, 4, 2.0, 256.0, 32.0, failed
256.0, 4, 8.0, 32.0, 256.0, failed
128.0, 4, 8.0, 128.0, 64.0, failed
64.0, 4, 2.0, 256.0, 512.0, failed
32.0, 4, 4.0, 128.0, 64.0, failed
256.0, 4, 4.0, 64.0, 128.0, failed
256.0, 4, 4.0, 32.0, 64.0, failed
32.0, 4, 4.0, 256.0, 512.0, failed
64.0, 4, 8.0, 512.0, 64.0, failed
128.0, 4, 2.0, 64.0, 128.0, failed
256.0, 4, 2.0, 64.0, 128.0, failed
128.0, 4, 8.0, 128.0, 256.0, failed
64.0, 4, 4.0, 256.0, 32.0, failed
512.0, 4, 4.0, 128.0, 256.0, failed
128.0, 4, 4.0, 64.0, 256.0, failed
64.0, 4, 8.0, 128.0, 128.0, failed
128.0, 4, 4.0, 256.0, 256.0, failed
256.0, 4, 2.0, 32.0, 32.0, failed
512.0, 4, 2.0, 128.0, 512.0, failed
64.0, 4, 4.0, 256.0, 64.0, failed
32.0, 4, 8.0, 512.0, 128.0, failed
256.0, 4, 4.0, 64.0, 64.0, failed
256.0, 4, 8.0, 32.0, 512.0, failed
32.0, 4, 4.0, 256.0, 64.0, failed
64.0, 4, 2.0, 128.0, 128.0, failed
512.0, 4, 4.0, 64.0, 64.0, failed
256.0, 4, 4.0, 64.0, 256.0, failed
128.0, 4, 2.0, 512.0, 128.0, failed
64.0, 4, 4.0, 256.0, 256.0, failed
128.0, 4, 8.0, 128.0, 32.0, failed
256.0, 4, 2.0, 256.0, 128.0, failed
64.0, 4, 8.0, 128.0, 64.0, failed
128.0, 4, 4.0, 64.0, 256.0, failed
128.0, 4, 4.0, 512.0, 128.0, failed
256.0, 4, 4.0, 128.0, 512.0, failed
64.0, 4, 4.0, 64.0, 64.0, failed
32.0, 4, 8.0, 32.0, 256.0, failed
512.0, 4, 2.0, 256.0, 32.0, failed
512.0, 4, 8.0, 512.0, 512.0, failed
32.0, 4, 2.0, 64.0, 64.0, failed
64.0, 4, 4.0, 128.0, 256.0, failed
256.0, 4, 4.0, 256.0, 32.0, failed
128.0, 4, 4.0, 256.0, 128.0, failed
128.0, 4, 4.0, 32.0, 64.0, failed
64.0, 4, 2.0, 64.0, 256.0, failed
256.0, 4, 8.0, 128.0, 128.0, failed
128.0, 4, 4.0, 256.0, 64.0, failed
32.0, 4, 8.0, 64.0, 256.0, failed
64.0, 4, 4.0, 64.0, 64.0, failed
256.0, 4, 2.0, 256.0, 256.0, failed
512.0, 4, 2.0, 512.0, 128.0, failed
128.0, 4, 4.0, 128.0, 128.0, failed
64.0, 4, 8.0, 32.0, 32.0, failed
256.0, 4, 4.0, 128.0, 512.0, failed
256.0, 4, 8.0, 256.0, 128.0, failed
64.0, 4, 4.0, 64.0, 128.0, failed
128.0, 4, 2.0, 64.0, 32.0, failed
512.0, 4, 4.0, 256.0, 512.0, failed
256.0, 4, 4.0, 128.0, 64.0, failed
64.0, 4, 2.0, 32.0, 256.0, failed
32.0, 4, 4.0, 128.0, 64.0, failed
128.0, 4, 8.0, 512.0, 256.0, failed
64.0, 4, 2.0, 512.0, 128.0, failed
128.0, 4, 4.0, 64.0, 64.0, failed
256.0, 4, 8.0, 64.0, 512.0, failed
32.0, 4, 4.0, 128.0, 64.0, failed
64.0, 4, 4.0, 256.0, 256.0, failed
512.0, 4, 8.0, 32.0, 32.0, failed
256.0, 4, 4.0, 128.0, 256.0, failed
128.0, 4, 2.0, 256.0, 128.0, failed
128.0, 4, 4.0, 128.0, 256.0, failed
256.0, 4, 2.0, 64.0, 32.0, failed
512.0, 4, 4.0, 64.0, 256.0, failed
64.0, 4, 8.0, 512.0, 128.0, failed
32.0, 4, 8.0, 256.0, 128.0, failed
256.0, 4, 4.0, 128.0, 64.0, failed
128.0, 4, 2.0, 32.0, 512.0, failed
64.0, 4, 4.0, 256.0, 64.0, failed
128.0, 4, 4.0, 256.0, 64.0, failed
64.0, 4, 8.0, 32.0, 256.0, failed
128.0, 4, 4.0, 64.0, 64.0, failed
256.0, 4, 2.0, 512.0, 256.0, failed
512.0, 4, 2.0, 128.0, 32.0, failed
64.0, 4, 4.0, 64.0, 512.0, failed
32.0, 4, 8.0, 128.0, 128.0, failed
256.0, 4, 4.0, 256.0, 128.0, failed
256.0, 4, 8.0, 512.0, 32.0, failed
32.0, 4, 4.0, 64.0, 512.0, failed
64.0, 4, 2.0, 32.0, 128.0, failed
512.0, 4, 4.0, 256.0, 128.0, failed
256.0, 4, 4.0, 256.0, 64.0, failed
128.0, 4, 2.0, 128.0, 256.0, failed
64.0, 4, 4.0, 64.0, 64.0, failed
128.0, 4, 8.0, 128.0, 256.0, failed
128.0, 4, 2.0, 128.0, 128.0, failed
128.0, 4, 8.0, 512.0, 512.0, failed
512.0, 4, 4.0, 256.0, 32.0, failed
32.0, 4, 4.0, 64.0, 128.0, failed
64.0, 4, 4.0, 64.0, 64.0, failed
256.0, 4, 4.0, 256.0, 256.0, failed
256.0, 4, 8.0, 128.0, 64.0, failed
64.0, 4, 2.0, 32.0, 256.0, failed
64.0, 4, 8.0, 64.0, 64.0, failed
256.0, 4, 2.0, 256.0, 256.0, failed
256.0, 4, 4.0, 512.0, 64.0, failed
64.0, 4, 4.0, 128.0, 256.0, failed
32.0, 4, 4.0, 32.0, 128.0, failed
512.0, 4, 4.0, 128.0, 512.0, failed
128.0, 4, 2.0, 256.0, 32.0, failed
128.0, 4, 8.0, 64.0, 128.0, failed
32.0, 4, 4.0, 128.0, 64.0, failed
128.0, 4, 2.0, 128.0, 256.0, failed
512.0, 4, 4.0, 256.0, 128.0, failed
128.0, 4, 8.0, 64.0, 512.0, failed
64.0, 4, 8.0, 64.0, 64.0, failed
256.0, 4, 4.0, 256.0, 256.0, failed
256.0, 4, 2.0, 512.0, 32.0, failed
64.0, 4, 4.0, 32.0, 128.0, failed
64.0, 4, 2.0, 64.0, 64.0, failed
256.0, 4, 4.0, 256.0, 256.0, failed
256.0, 4, 8.0, 128.0, 32.0, failed
64.0, 4, 4.0, 128.0, 128.0, failed
128.0, 4, 4.0, 32.0, 64.0, failed
512.0, 4, 8.0, 512.0, 256.0, failed
128.0, 4, 4.0, 256.0, 128.0, failed
32.0, 4, 2.0, 64.0, 512.0, failed
256.0, 4, 4.0, 128.0, 32.0, failed
64.0, 4, 4.0, 64.0, 256.0, failed
32.0, 4, 2.0, 64.0, 128.0, failed
128.0, 4, 8.0, 512.0, 256.0, failed
256.0, 4, 8.0, 256.0, 64.0, failed
64.0, 4, 2.0, 128.0, 512.0, failed
128.0, 4, 4.0, 32.0, 64.0, failed
512.0, 4, 4.0, 256.0, 128.0, failed
512.0, 4, 4.0, 512.0, 64.0, failed
128.0, 4, 4.0, 64.0, 512.0, failed
64.0, 4, 8.0, 64.0, 64.0, failed
256.0, 4, 2.0, 128.0, 128.0, failed
128.0, 4, 2.0, 256.0, 32.0, failed
32.0, 4, 8.0, 32.0, 256.0, failed
64.0, 4, 4.0, 128.0, 128.0, failed
256.0, 4, 4.0, 256.0, 256.0, failed
512.0, 4, 4.0, 256.0, 32.0, failed
64.0, 4, 2.0, 32.0, 256.0, failed
128.0, 4, 4.0, 128.0, 64.0, failed
256.0, 4, 8.0, 256.0, 512.0, failed
128.0, 4, 8.0, 128.0, 128.0, failed
64.0, 4, 4.0, 64.0, 256.0, failed
32.0, 4, 2.0, 64.0, 64.0, failed
256.0, 4, 4.0, 512.0, 128.0, failed
256.0, 4, 2.0, 256.0, 128.0, failed
32.0, 4, 4.0, 128.0, 256.0, failed
64.0, 4, 8.0, 32.0, 64.0, failed
128.0, 4, 4.0, 256.0, 128.0, failed
256.0, 4, 4.0, 512.0, 32.0, failed
128.0, 4, 8.0, 64.0, 256.0, failed
64.0, 4, 4.0, 64.0, 64.0, failed
512.0, 4, 2.0, 128.0, 512.0, failed
256.0, 4, 4.0, 64.0, 128.0, failed
64.0, 4, 4.0, 128.0, 32.0, failed
64.0, 4, 8.0, 512.0, 256.0, failed
256.0, 4, 2.0, 64.0, 64.0, failed
512.0, 4, 2.0, 32.0, 512.0, failed
128.0, 4, 8.0, 256.0, 128.0, failed
32.0, 4, 4.0, 256.0, 256.0, failed
128.0, 4, 4.0, 128.0, 64.0, failed
128.0, 4, 4.0, 64.0, 512.0, failed
32.0, 4, 4.0, 512.0, 128.0, failed
128.0, 4, 2.0, 128.0, 256.0, failed
512.0, 4, 8.0, 64.0, 64.0, failed
256.0, 4, 8.0, 128.0, 128.0, failed
64.0, 4, 2.0, 256.0, 32.0, failed
64.0, 4, 4.0, 256.0, 256.0, failed
256.0, 4, 4.0, 32.0, 64.0, failed
512.0, 4, 4.0, 128.0, 64.0, failed
128.0, 4, 8.0, 64.0, 512.0, failed
64.0, 4, 4.0, 128.0, 32.0, failed
256.0, 4, 2.0, 256.0, 256.0, failed
128.0, 4, 2.0, 256.0, 64.0, failed
32.0, 4, 4.0, 32.0, 128.0, failed
64.0, 4, 8.0, 64.0, 128.0, failed
256.0, 4, 4.0, 512.0, 256.0, failed
256.0, 4, 8.0, 256.0, 64.0, failed
64.0, 4, 4.0, 128.0, 128.0, failed
32.0, 4, 2.0, 64.0, 128.0, failed
128.0, 4, 4.0, 128.0, 256.0, failed
256.0, 4, 4.0, 512.0, 64.0, failed
64.0, 4, 2.0, 64.0, 512.0, failed
128.0, 4, 4.0, 32.0, 32.0, failed
512.0, 4, 8.0, 256.0, 256.0, failed
64.0, 4, 2.0, 256.0, 32.0, failed
256.0, 4, 4.0, 32.0, 256.0, failed
128.0, 4, 8.0, 64.0, 64.0, failed
32.0, 4, 4.0, 512.0, 512.0, failed
64.0, 4, 4.0, 128.0, 128.0, failed
256.0, 4, 8.0, 64.0, 256.0, failed
512.0, 4, 4.0, 128.0, 64.0, failed
128.0, 4, 2.0, 256.0, 128.0, failed
128.0, 4, 4.0, 512.0, 128.0, failed
512.0, 4, 2.0, 64.0, 256.0, failed
256.0, 4, 4.0, 32.0, 64.0, failed
64.0, 4, 8.0, 256.0, 128.0, failed
32.0, 4, 8.0, 256.0, 32.0, failed
128.0, 4, 4.0, 128.0, 256.0, failed
256.0, 4, 2.0, 64.0, 64.0, failed
64.0, 4, 4.0, 128.0, 512.0, failed
128.0, 4, 4.0, 256.0, 64.0, failed
128.0, 4, 4.0, 64.0, 256.0, failed
256.0, 4, 2.0, 128.0, 64.0, failed
64.0, 4, 8.0, 128.0, 256.0, failed
32.0, 4, 8.0, 512.0, 128.0, failed
512.0, 4, 2.0, 32.0, 128.0, failed
256.0, 4, 4.0, 64.0, 32.0, failed
64.0, 4, 4.0, 256.0, 512.0, failed
64.0, 4, 4.0, 128.0, 128.0, failed
256.0, 4, 4.0, 128.0, 128.0, failed
512.0, 4, 8.0, 64.0, 32.0, failed
32.0, 4, 2.0, 256.0, 512.0, failed
64.0, 4, 2.0, 256.0, 64.0, failed
256.0, 4, 8.0, 64.0, 256.0, failed
128.0, 4, 4.0, 32.0, 64.0, failed
128.0, 4, 4.0, 512.0, 256.0, failed
128.0, 4, 8.0, 256.0, 32.0, failed
256.0, 4, 2.0, 64.0, 512.0, failed
256.0, 4, 4.0, 64.0, 64.0, failed
32.0, 4, 4.0, 256.0, 256.0, failed
64.0, 4, 4.0, 128.0, 128.0, failed
512.0, 4, 4.0, 32.0, 128.0, failed
128.0, 4, 2.0, 128.0, 64.0, failed
64.0, 4, 8.0, 512.0, 256.0, failed
64.0, 4, 2.0, 256.0, 128.0, failed
128.0, 4, 8.0, 64.0, 128.0, failed
512.0, 4, 4.0, 64.0, 64.0, failed
64.0, 4, 4.0, 256.0, 256.0, failed
32.0, 4, 4.0, 512.0, 32.0, failed
256.0, 4, 4.0, 128.0, 512.0, failed
256.0, 4, 8.0, 32.0, 64.0, failed
128.0, 4, 2.0, 128.0, 256.0, failed
128.0, 4, 4.0, 64.0, 64.0, failed
128.0, 4, 2.0, 256.0, 256.0, failed
64.0, 4, 4.0, 256.0, 64.0, failed
256.0, 4, 8.0, 64.0, 256.0, failed
512.0, 4, 8.0, 32.0, 32.0, failed
32.0, 4, 4.0, 128.0, 512.0, failed
64.0, 4, 2.0, 512.0, 128.0, failed
256.0, 4, 4.0, 128.0, 128.0, failed
256.0, 4, 2.0, 64.0, 32.0, failed
64.0, 4, 4.0, 256.0, 512.0, failed
32.0, 4, 8.0, 256.0, 128.0, failed
512.0, 4, 4.0, 64.0, 128.0, failed
256.0, 4, 4.0, 128.0, 64.0, failed
64.0, 4, 8.0, 512.0, 256.0, failed
128.0, 4, 4.0, 128.0, 64.0, failed
128.0, 4, 2.0, 32.0, 256.0, failed
256.0, 4, 8.0, 256.0, 256.0, failed
32.0, 4, 2.0, 64.0, 128.0, failed
64.0, 4, 4.0, 64.0, 128.0, failed
512.0, 4, 4.0, 256.0, 64.0, failed
256.0, 4, 4.0, 128.0, 256.0, failed
128.0, 4, 4.0, 128.0, 32.0, failed
64.0, 4, 2.0, 32.0, 512.0, failed
128.0, 4, 8.0, 512.0, 64.0, failed
128.0, 4, 2.0, 256.0, 256.0, failed
64.0, 4, 8.0, 64.0, 32.0, failed
128.0, 4, 4.0, 64.0, 512.0, failed
256.0, 4, 4.0, 256.0, 64.0, failed
512.0, 4, 4.0, 512.0, 256.0, failed
64.0, 4, 4.0, 32.0, 128.0, failed
32.0, 4, 8.0, 128.0, 128.0, failed
256.0, 4, 2.0, 128.0, 64.0, failed
256.0, 4, 2.0, 128.0, 32.0, failed
128.0, 4, 4.0, 256.0, 256.0, failed
32.0, 4, 8.0, 256.0, 128.0, failed
256.0, 4, 4.0, 32.0, 256.0, failed
128.0, 4, 4.0, 64.0, 64.0, failed
64.0, 4, 8.0, 128.0, 512.0, failed
64.0, 4, 4.0, 512.0, 64.0, failed
512.0, 4, 2.0, 64.0, 128.0, failed
512.0, 4, 4.0, 32.0, 64.0, failed
64.0, 4, 2.0, 256.0, 512.0, failed
64.0, 4, 4.0, 256.0, 64.0, failed
128.0, 4, 8.0, 128.0, 128.0, failed
256.0, 4, 8.0, 64.0, 32.0, failed
32.0, 4, 4.0, 512.0, 256.0, failed
128.0, 4, 2.0, 128.0, 128.0, failed
256.0, 4, 4.0, 64.0, 256.0, failed
128.0, 4, 2.0, 64.0, 32.0, failed
128.0, 4, 4.0, 256.0, 256.0, failed
256.0, 4, 8.0, 128.0, 64.0, failed
64.0, 4, 4.0, 32.0, 128.0, failed
32.0, 4, 4.0, 128.0, 128.0, failed
512.0, 4, 8.0, 512.0, 256.0, failed
256.0, 4, 4.0, 256.0, 64.0, failed
64.0, 4, 2.0, 64.0, 512.0, failed
64.0, 4, 4.0, 32.0, 128.0, failed
256.0, 4, 2.0, 128.0, 256.0, failed
512.0, 4, 4.0, 256.0, 64.0, failed
32.0, 4, 8.0, 64.0, 512.0, failed
64.0, 4, 8.0, 64.0, 32.0, failed
256.0, 4, 4.0, 256.0, 256.0, failed
128.0, 4, 2.0, 512.0, 64.0, failed
128.0, 4, 4.0, 128.0, 128.0, failed
32.0, 4, 4.0, 512.0, 128.0, failed
256.0, 4, 4.0, 128.0, 256.0, failed
256.0, 4, 2.0, 64.0, 64.0, failed
128.0, 4, 8.0, 256.0, 512.0, failed
64.0, 4, 8.0, 256.0, 32.0, failed
512.0, 4, 2.0, 64.0, 256.0, failed
128.0, 4, 4.0, 32.0, 64.0, failed
64.0, 4, 4.0, 128.0, 128.0, failed
64.0, 4, 4.0, 256.0, 32.0, failed
128.0, 4, 4.0, 64.0, 256.0, failed
512.0, 4, 8.0, 128.0, 64.0, failed
64.0, 4, 2.0, 512.0, 128.0, failed
128.0, 4, 2.0, 128.0, 128.0, failed
256.0, 4, 8.0, 32.0, 256.0, failed
256.0, 4, 4.0, 64.0, 64.0, failed
32.0, 4, 4.0, 256.0, 512.0, failed
256.0, 4, 4.0, 512.0, 64.0, failed
64.0, 4, 4.0, 128.0, 128.0, failed
64.0, 4, 8.0, 32.0, 64.0, failed
256.0, 4, 2.0, 128.0, 512.0, failed
128.0, 4, 2.0, 256.0, 128.0, failed
128.0, 4, 8.0, 64.0, 256.0, failed
32.0, 4, 4.0, 64.0, 32.0, failed
512.0, 4, 4.0, 256.0, 256.0, failed
512.0, 4, 4.0, 128.0, 128.0, failed
32.0, 4, 4.0, 32.0, 256.0, failed
128.0, 4, 2.0, 128.0, 32.0, failed
128.0, 4, 8.0, 512.0, 256.0, failed
256.0, 4, 8.0, 256.0, 64.0, failed
64.0, 4, 2.0, 64.0, 128.0, failed
64.0, 4, 4.0, 64.0, 64.0, failed
256.0, 4, 4.0, 256.0, 512.0, failed
32.0, 4, 4.0, 128.0, 32.0, failed
256.0, 4, 4.0, 128.0, 128.0, failed
128.0, 4, 8.0, 512.0, 128.0, failed
64.0, 4, 2.0, 32.0, 512.0, failed
128.0, 4, 2.0, 64.0, 64.0, failed
256.0, 4, 8.0, 256.0, 256.0, failed
512.0, 4, 4.0, 256.0, 64.0, failed
64.0, 4, 4.0, 64.0, 256.0, failed
64.0, 4, 4.0, 32.0, 64.0, failed
512.0, 4, 4.0, 512.0, 256.0, failed
256.0, 4, 2.0, 128.0, 64.0, failed
128.0, 4, 8.0, 128.0, 256.0, failed
64.0, 4, 8.0, 64.0, 32.0, failed
128.0, 4, 2.0, 256.0, 128.0, failed
256.0, 4, 4.0, 256.0, 128.0, failed
32.0, 4, 4.0, 64.0, 512.0, failed
128.0, 4, 4.0, 512.0, 32.0, failed
256.0, 4, 8.0, 32.0, 128.0, failed
128.0, 4, 4.0, 128.0, 128.0, failed
64.0, 4, 2.0, 128.0, 512.0, failed
32.0, 4, 2.0, 256.0, 64.0, failed
256.0, 4, 4.0, 64.0, 256.0, failed
512.0, 4, 8.0, 64.0, 64.0, failed
64.0, 4, 4.0, 256.0, 256.0, failed
64.0, 4, 8.0, 128.0, 64.0, failed
512.0, 4, 4.0, 128.0, 256.0, failed
256.0, 4, 2.0, 32.0, 64.0, failed
32.0, 4, 4.0, 512.0, 256.0, failed
64.0, 4, 4.0, 256.0, 32.0, failed
128.0, 4, 2.0, 64.0, 128.0, failed
256.0, 4, 4.0, 64.0, 128.0, failed
128.0, 4, 8.0, 256.0, 512.0, failed
64.0, 4, 4.0, 512.0, 256.0, failed
512.0, 4, 4.0, 128.0, 128.0, failed
256.0, 4, 8.0, 64.0, 256.0, failed
32.0, 4, 2.0, 256.0, 32.0, failed
64.0, 4, 2.0, 256.0, 512.0, failed
128.0, 4, 8.0, 64.0, 64.0, failed
256.0, 4, 4.0, 32.0, 128.0, failed
128.0, 4, 4.0, 128.0, 64.0, failed
128.0, 4, 4.0, 256.0, 512.0, failed
256.0, 4, 4.0, 64.0, 64.0, failed
128.0, 4, 2.0, 128.0, 128.0, failed
64.0, 4, 8.0, 512.0, 64.0, failed
32.0, 4, 8.0, 128.0, 256.0, failed
256.0, 4, 2.0, 32.0, 128.0, failed
512.0, 4, 4.0, 64.0, 256.0, failed
64.0, 4, 4.0, 256.0, 32.0, failed
64.0, 4, 8.0, 128.0, 512.0, failed
512.0, 4, 2.0, 256.0, 128.0, failed
128.0, 4, 4.0, 256.0, 256.0, failed
64.0, 4, 4.0, 32.0, 64.0, failed
32.0, 4, 4.0, 64.0, 128.0, failed
256.0, 4, 4.0, 128.0, 32.0, failed
256.0, 4, 2.0, 512.0, 256.0, failed
128.0, 4, 8.0, 64.0, 64.0, failed
128.0, 4, 2.0, 32.0, 128.0, failed
256.0, 4, 8.0, 256.0, 32.0, failed
256.0, 4, 4.0, 256.0, 256.0, failed
32.0, 4, 4.0, 128.0, 64.0, failed
64.0, 4, 4.0, 64.0, 512.0, failed
128.0, 4, 4.0, 512.0, 128.0, failed
512.0, 4, 8.0, 128.0, 256.0, failed
64.0, 4, 2.0, 64.0, 64.0, failed
64.0, 4, 2.0, 512.0, 32.0, failed
512.0, 4, 8.0, 32.0, 512.0, failed
256.0, 4, 4.0, 128.0, 128.0, failed
32.0, 4, 4.0, 128.0, 128.0, failed
64.0, 4, 4.0, 256.0, 64.0, failed
128.0, 4, 4.0, 64.0, 256.0, failed
256.0, 4, 8.0, 64.0, 64.0, failed
128.0, 4, 2.0, 256.0, 256.0, failed
128.0, 4, 8.0, 128.0, 64.0, failed
256.0, 4, 2.0, 128.0, 256.0, failed
128.0, 4, 4.0, 32.0, 64.0, failed
64.0, 4, 4.0, 512.0, 256.0, failed
32.0, 4, 4.0, 256.0, 32.0, failed
256.0, 4, 4.0, 64.0, 512.0, failed
512.0, 4, 2.0, 64.0, 128.0, failed
64.0, 4, 8.0, 256.0, 128.0, failed
64.0, 4, 4.0, 512.0, 64.0, failed
256.0, 4, 4.0, 32.0, 256.0, failed
128.0, 4, 8.0, 128.0, 64.0, failed
128.0, 4, 2.0, 128.0, 256.0, failed
64.0, 4, 2.0, 256.0, 32.0, failed
256.0, 4, 8.0, 64.0, 128.0, failed
512.0, 4, 4.0, 64.0, 128.0, failed
32.0, 4, 4.0, 256.0, 512.0, failed
32.0, 4, 4.0, 128.0, 32.0, failed
512.0, 4, 4.0, 128.0, 128.0, failed
256.0, 4, 2.0, 32.0, 128.0, failed
64.0, 4, 8.0, 512.0, 512.0, failed
128.0, 4, 8.0, 256.0, 64.0, failed
128.0, 4, 2.0, 64.0, 256.0, failed
256.0, 4, 4.0, 64.0, 64.0, failed
64.0, 4, 4.0, 256.0, 256.0, failed
64.0, 4, 2.0, 32.0, 512.0, failed
256.0, 4, 8.0, 256.0, 64.0, failed
256.0, 4, 4.0, 512.0, 128.0, failed
64.0, 4, 4.0, 64.0, 64.0, failed
32.0, 4, 4.0, 64.0, 256.0, failed
128.0, 4, 4.0, 128.0, 32.0, failed
512.0, 4, 8.0, 256.0, 256.0, failed
128.0, 4, 2.0, 128.0, 128.0, failed
128.0, 4, 8.0, 64.0, 256.0, failed
512.0, 4, 2.0, 512.0, 32.0, failed
128.0, 4, 4.0, 256.0, 256.0, failed
32.0, 4, 4.0, 32.0, 128.0, failed
64.0, 4, 4.0, 128.0, 512.0, failed
256.0, 4, 4.0, 256.0, 64.0, failed
256.0, 4, 2.0, 128.0, 128.0, failed
64.0, 4, 8.0, 64.0, 64.0, failed
64.0, 4, 4.0, 256.0, 128.0, failed
128.0, 4, 4.0, 128.0, 128.0, failed
256.0, 4, 8.0, 64.0, 256.0, failed
32.0, 4, 2.0, 128.0, 64.0, failed
64.0, 4, 2.0, 512.0, 512.0, failed
512.0, 4, 8.0, 64.0, 32.0, failed
256.0, 4, 4.0, 32.0, 256.0, failed
128.0, 4, 4.0, 256.0, 64.0, failed
128.0, 4, 4.0, 128.0, 512.0, failed
256.0, 4, 4.0, 64.0, 32.0, failed
512.0, 4, 2.0, 128.0, 256.0, failed
64.0, 4, 8.0, 256.0, 64.0, failed
32.0, 4, 8.0, 256.0, 128.0, failed
256.0, 4, 2.0, 32.0, 128.0, failed
128.0, 4, 4.0, 64.0, 256.0, failed
64.0, 4, 4.0, 512.0, 64.0, failed
64.0, 4, 4.0, 32.0, 256.0, failed
256.0, 4, 4.0, 128.0, 64.0, failed
256.0, 4, 2.0, 256.0, 128.0, failed
64.0, 4, 8.0, 64.0, 32.0, failed
32.0, 4, 8.0, 64.0, 256.0, failed
128.0, 4, 2.0, 256.0, 64.0, failed
512.0, 4, 4.0, 512.0, 512.0, failed
128.0, 4, 4.0, 128.0, 128.0, failed
128.0, 4, 4.0, 64.0, 256.0, failed
512.0, 4, 4.0, 256.0, 64.0, failed
128.0, 4, 8.0, 128.0, 512.0, failed
32.0, 4, 2.0, 32.0, 128.0, failed
64.0, 4, 2.0, 128.0, 256.0, failed
256.0, 4, 8.0, 512.0, 64.0, failed
256.0, 4, 4.0, 256.0, 128.0, failed
64.0, 4, 4.0, 64.0, 32.0, failed
256.0, 4, 2.0, 64.0, 256.0, failed
64.0, 4, 8.0, 512.0, 64.0, failed
64.0, 4, 4.0, 256.0, 256.0, failed
256.0, 4, 4.0, 32.0, 64.0, failed
512.0, 4, 4.0, 128.0, 128.0, failed
32.0, 4, 4.0, 256.0, 32.0, failed
128.0, 4, 8.0, 128.0, 512.0, failed
128.0, 4, 2.0, 64.0, 128.0, failed
128.0, 4, 8.0, 32.0, 128.0, failed
128.0, 4, 2.0, 256.0, 32.0, failed
32.0, 4, 4.0, 512.0, 512.0, failed
512.0, 4, 4.0, 64.0, 128.0, failed
256.0, 4, 4.0, 64.0, 256.0, failed
64.0, 4, 4.0, 128.0, 64.0, failed
64.0, 4, 2.0, 256.0, 256.0, failed
256.0, 4, 8.0, 128.0, 64.0, failed
256.0, 4, 2.0, 64.0, 128.0, failed
32.0, 4, 4.0, 512.0, 64.0, failed
64.0, 4, 8.0, 128.0, 256.0, failed
128.0, 4, 4.0, 64.0, 128.0, failed
256.0, 4, 4.0, 32.0, 512.0, failed
128.0, 4, 8.0, 256.0, 64.0, failed
64.0, 4, 4.0, 256.0, 256.0, failed
512.0, 4, 2.0, 128.0, 32.0, failed
512.0, 4, 4.0, 64.0, 512.0, failed
64.0, 4, 2.0, 128.0, 64.0, failed
128.0, 4, 4.0, 512.0, 256.0, failed
256.0, 4, 8.0, 64.0, 32.0, failed
128.0, 4, 8.0, 128.0, 128.0, failed
64.0, 4, 4.0, 256.0, 64.0, failed
32.0, 4, 2.0, 256.0, 256.0, failed
256.0, 4, 4.0, 32.0, 128.0, failed
128.0, 4, 2.0, 64.0, 64.0, failed
32.0, 4, 4.0, 256.0, 128.0, failed
128.0, 4, 8.0, 512.0, 64.0, failed
512.0, 4, 4.0, 32.0, 512.0, failed
256.0, 4, 4.0, 128.0, 32.0, failed
64.0, 4, 8.0, 128.0, 256.0, failed
64.0, 4, 4.0, 256.0, 128.0, failed
256.0, 4, 2.0, 64.0, 256.0, failed
256.0, 4, 4.0, 32.0, 32.0, failed
64.0, 4, 2.0, 512.0, 256.0, failed
64.0, 4, 4.0, 256.0, 128.0, failed
256.0, 4, 8.0, 64.0, 256.0, failed
512.0, 4, 8.0, 64.0, 64.0, failed
128.0, 4, 4.0, 256.0, 128.0, failed
32.0, 4, 2.0, 128.0, 64.0, failed
128.0, 4, 4.0, 128.0, 512.0, failed
128.0, 4, 4.0, 512.0, 128.0, failed
512.0, 4, 4.0, 64.0, 128.0, failed
128.0, 4, 2.0, 128.0, 32.0, failed
32.0, 4, 8.0, 256.0, 512.0, failed
64.0, 4, 8.0, 256.0, 64.0, failed
256.0, 4, 2.0, 32.0, 256.0, failed
256.0, 4, 4.0, 64.0, 64.0, failed
64.0, 4, 4.0, 128.0, 256.0, failed
64.0, 4, 4.0, 256.0, 64.0, failed
256.0, 4, 4.0, 128.0, 256.0, failed
256.0, 4, 8.0, 64.0, 64.0, failed
64.0, 4, 2.0, 512.0, 256.0, failed
32.0, 4, 2.0, 128.0, 128.0, failed
128.0, 4, 8.0, 64.0, 128.0, failed
512.0, 4, 4.0, 32.0, 32.0, failed
128.0, 4, 4.0, 256.0, 512.0, failed
32.0, 4, 8.0, 512.0, 256.0, failed
256.0, 4, 4.0, 64.0, 64.0, failed
256.0, 4, 2.0, 128.0, 256.0, failed
128.0, 4, 4.0, 256.0, 64.0, failed
64.0, 4, 4.0, 256.0, 512.0, failed
512.0, 4, 2.0, 32.0, 128.0, failed
128.0, 4, 4.0, 64.0, 128.0, failed
64.0, 4, 8.0, 128.0, 32.0, failed
64.0, 4, 4.0, 256.0, 512.0, failed
128.0, 4, 8.0, 128.0, 128.0, failed
512.0, 4, 4.0, 64.0, 128.0, failed
64.0, 4, 2.0, 512.0, 32.0, failed
128.0, 4, 2.0, 128.0, 256.0, failed
256.0, 4, 4.0, 64.0, 64.0, failed
256.0, 4, 8.0, 32.0, 256.0, failed
32.0, 4, 4.0, 256.0, 64.0, failed
512.0, 4, 4.0, 64.0, 64.0, failed
64.0, 4, 4.0, 256.0, 512.0, failed
64.0, 4, 2.0, 128.0, 32.0, failed
128.0, 4, 8.0, 32.0, 256.0, failed
256.0, 4, 8.0, 128.0, 64.0, failed
32.0, 4, 2.0, 512.0, 128.0, failed
128.0, 4, 4.0, 256.0, 128.0, failed
256.0, 4, 4.0, 64.0, 256.0, failed
256.0, 4, 4.0, 32.0, 64.0, failed
128.0, 4, 4.0, 128.0, 128.0, failed
32.0, 4, 8.0, 256.0, 128.0, failed
256.0, 4, 2.0, 64.0, 256.0, failed
128.0, 4, 2.0, 64.0, 64.0, failed
64.0, 4, 8.0, 256.0, 512.0, failed
64.0, 4, 4.0, 512.0, 32.0, failed
512.0, 4, 4.0, 128.0, 256.0, failed
64.0, 4, 4.0, 64.0, 32.0, failed
256.0, 4, 4.0, 128.0, 256.0, failed
512.0, 4, 8.0, 256.0, 128.0, failed
128.0, 4, 2.0, 128.0, 256.0, failed
64.0, 4, 2.0, 32.0, 64.0, failed
256.0, 4, 8.0, 256.0, 128.0, failed
128.0, 4, 4.0, 512.0, 64.0, failed
32.0, 4, 4.0, 64.0, 512.0, failed
32.0, 4, 4.0, 128.0, 64.0, failed
128.0, 4, 4.0, 256.0, 128.0, failed
256.0, 4, 2.0, 128.0, 64.0, failed
64.0, 4, 8.0, 64.0, 512.0, failed
128.0, 4, 8.0, 64.0, 32.0, failed
512.0, 4, 2.0, 512.0, 256.0, failed
256.0, 4, 4.0, 256.0, 128.0, failed
64.0, 4, 4.0, 32.0, 256.0, failed
256.0, 4, 2.0, 256.0, 128.0, failed
64.0, 4, 4.0, 64.0, 512.0, failed
64.0, 4, 8.0, 32.0, 64.0, failed
256.0, 4, 4.0, 128.0, 256.0, failed
128.0, 4, 4.0, 512.0, 32.0, failed
128.0, 4, 8.0, 128.0, 128.0, failed
32.0, 4, 4.0, 64.0, 64.0, failed
512.0, 4, 2.0, 256.0, 256.0, failed
512.0, 4, 4.0, 128.0, 32.0, failed
32.0, 4, 2.0, 32.0, 128.0, failed
128.0, 4, 4.0, 64.0, 64.0, failed
128.0, 4, 8.0, 256.0, 256.0, failed
256.0, 4, 8.0, 256.0, 128.0, failed
64.0, 4, 4.0, 64.0, 512.0, failed
64.0, 4, 2.0, 128.0, 64.0, failed
256.0, 4, 4.0, 512.0, 256.0, failed
32.0, 4, 4.0, 32.0, 512.0, failed
256.0, 4, 8.0, 256.0, 128.0, failed
512.0, 4, 4.0, 256.0, 256.0, failed
64.0, 4, 2.0, 128.0, 64.0, failed
128.0, 4, 2.0, 64.0, 128.0, failed
256.0, 4, 4.0, 128.0, 32.0, failed
128.0, 4, 8.0, 512.0, 256.0, failed
64.0, 4, 4.0, 64.0, 64.0, failed
64.0, 4, 8.0, 128.0, 128.0, failed
128.0, 4, 4.0, 256.0, 32.0, failed
256.0, 4, 2.0, 256.0, 256.0, failed
128.0, 4, 4.0, 32.0, 64.0, failed
64.0, 4, 4.0, 64.0, 512.0, failed
512.0, 4, 2.0, 512.0, 128.0, failed
256.0, 4, 4.0, 128.0, 256.0, failed
32.0, 4, 8.0, 64.0, 64.0, failed
32.0, 4, 4.0, 128.0, 512.0, failed
128.0, 4, 4.0, 512.0, 32.0, failed
512.0, 4, 2.0, 256.0, 128.0, failed
128.0, 4, 8.0, 64.0, 128.0, failed
64.0, 4, 8.0, 64.0, 256.0, failed
256.0, 4, 2.0, 256.0, 64.0, failed
256.0, 4, 4.0, 128.0, 256.0, failed
64.0, 4, 4.0, 32.0, 64.0, failed
64.0, 4, 4.0, 64.0, 256.0, failed
256.0, 4, 4.0, 256.0, 64.0, failed
256.0, 4, 8.0, 512.0, 256.0, failed
64.0, 4, 2.0, 128.0, 64.0, failed
128.0, 4, 2.0, 32.0, 512.0, failed
512.0, 4, 8.0, 128.0, 32.0, failed
128.0, 4, 4.0, 256.0, 128.0, failed
32.0, 4, 4.0, 64.0, 128.0, failed
32.0, 4, 8.0, 256.0, 64.0, failed
256.0, 4, 2.0, 128.0, 256.0, failed
256.0, 4, 4.0, 32.0, 64.0, failed
128.0, 4, 4.0, 256.0, 256.0, failed
64.0, 4, 4.0, 128.0, 32.0, failed
512.0, 4, 4.0, 64.0, 128.0, failed
128.0, 4, 2.0, 64.0, 128.0, failed
64.0, 4, 8.0, 512.0, 512.0, failed
64.0, 4, 2.0, 256.0, 32.0, failed
128.0, 4, 8.0, 32.0, 128.0, failed
512.0, 4, 4.0, 128.0, 128.0, failed
64.0, 4, 4.0, 256.0, 512.0, failed
128.0, 4, 4.0, 512.0, 64.0, failed
256.0, 4, 4.0, 64.0, 256.0, failed
256.0, 4, 8.0, 64.0, 64.0, failed
32.0, 4, 2.0, 128.0, 256.0, failed
128.0, 4, 2.0, 256.0, 256.0, failed
32.0, 4, 4.0, 64.0, 64.0, failed
64.0, 4, 8.0, 64.0, 512.0, failed
256.0, 4, 4.0, 256.0, 128.0, failed
512.0, 4, 4.0, 128.0, 256.0, failed
128.0, 4, 8.0, 128.0, 64.0, failed
64.0, 4, 4.0, 32.0, 128.0, failed
256.0, 4, 2.0, 512.0, 32.0, failed
256.0, 4, 4.0, 256.0, 256.0, failed
64.0, 4, 2.0, 64.0, 64.0, failed
128.0, 4, 4.0, 64.0, 128.0, failed
512.0, 4, 8.0, 256.0, 32.0, failed
256.0, 4, 8.0, 512.0, 256.0, failed
64.0, 4, 4.0, 32.0, 64.0, failed
32.0, 4, 2.0, 128.0, 512.0, failed
128.0, 4, 4.0, 128.0, 128.0, failed
256.0, 4, 8.0, 128.0, 64.0, failed
64.0, 4, 2.0, 128.0, 256.0, failed
128.0, 4, 4.0, 32.0, 64.0, failed
128.0, 4, 4.0, 512.0, 256.0, failed
256.0, 4, 4.0, 256.0, 128.0, failed
64.0, 4, 4.0, 64.0, 128.0, failed
32.0, 4, 2.0, 64.0, 32.0, failed
512.0, 4, 8.0, 256.0, 512.0, failed
512.0, 4, 2.0, 512.0, 128.0, failed
32.0, 4, 8.0, 32.0, 128.0, failed
64.0, 4, 4.0, 128.0, 32.0, failed
256.0, 4, 4.0, 128.0, 512.0, failed
128.0, 4, 4.0, 256.0, 64.0, failed
128.0, 4, 4.0, 64.0, 256.0, failed
64.0, 4, 8.0, 64.0, 64.0, failed
256.0, 4, 2.0, 256.0, 256.0, failed
128.0, 4, 2.0, 128.0, 128.0, failed
256.0, 4, 8.0, 256.0, 512.0, failed
512.0, 4, 4.0, 256.0, 32.0, failed
64.0, 4, 4.0, 32.0, 128.0, failed
32.0, 4, 4.0, 64.0, 64.0, failed
256.0, 4, 4.0, 128.0, 256.0, failed
128.0, 4, 8.0, 512.0, 64.0, failed
64.0, 4, 2.0, 64.0, 256.0, failed
64.0, 4, 8.0, 32.0, 64.0, failed
128.0, 4, 2.0, 256.0, 256.0, failed
256.0, 4, 4.0, 256.0, 64.0, failed
32.0, 4, 4.0, 128.0, 256.0, failed
64.0, 4, 4.0, 64.0, 128.0, failed
512.0, 4, 4.0, 512.0, 512.0, failed
256.0, 4, 2.0, 128.0, 32.0, failed
128.0, 4, 8.0, 64.0, 128.0, failed
128.0, 4, 4.0, 256.0, 64.0, failed
64.0, 4, 2.0, 64.0, 256.0, failed
128.0, 4, 4.0, 64.0, 64.0, failed
256.0, 4, 8.0, 256.0, 256.0, failed
512.0, 4, 8.0, 128.0, 128.0, failed
64.0, 4, 4.0, 32.0, 128.0, failed
32.0, 4, 2.0, 128.0, 32.0, failed
256.0, 4, 4.0, 512.0, 512.0, failed
256.0, 4, 2.0, 256.0, 128.0, failed
32.0, 4, 4.0, 64.0, 128.0, failed
64.0, 4, 8.0, 64.0, 32.0, failed
512.0, 4, 4.0, 256.0, 512.0, failed
256.0, 4, 4.0, 512.0, 64.0, failed
128.0, 4, 8.0, 128.0, 256.0, failed
64.0, 4, 4.0, 32.0, 64.0, failed
128.0, 4, 2.0, 128.0, 256.0, failed
128.0, 4, 8.0, 256.0, 256.0, failed
512.0, 4, 2.0, 64.0, 128.0, failed
256.0, 4, 4.0, 128.0, 256.0, failed
64.0, 4, 4.0, 512.0, 32.0, failed
32.0, 4, 4.0, 128.0, 512.0, failed
128.0, 4, 4.0, 32.0, 64.0, failed
256.0, 4, 2.0, 64.0, 128.0, failed
64.0, 4, 8.0, 256.0, 64.0, failed
64.0, 4, 2.0, 512.0, 512.0, failed
256.0, 4, 8.0, 128.0, 64.0, failed
128.0, 4, 4.0, 64.0, 128.0, failed
32.0, 4, 4.0, 256.0, 64.0, failed
64.0, 4, 4.0, 256.0, 256.0, failed
256.0, 4, 4.0, 64.0, 128.0, failed
512.0, 4, 8.0, 32.0, 256.0, failed
128.0, 4, 2.0, 128.0, 32.0, failed
64.0, 4, 4.0, 64.0, 128.0, failed
512.0, 4, 4.0, 256.0, 128.0, failed
256.0, 4, 8.0, 512.0, 256.0, failed
128.0, 4, 2.0, 128.0, 64.0, failed
64.0, 4, 2.0, 32.0, 512.0, failed
128.0, 4, 8.0, 128.0, 32.0, failed
256.0, 4, 4.0, 256.0, 256.0, failed
32.0, 4, 4.0, 64.0, 64.0, failed
32.0, 4, 4.0, 128.0, 512.0, failed
256.0, 4, 4.0, 512.0, 32.0, failed
128.0, 4, 2.0, 256.0, 256.0, failed
64.0, 4, 8.0, 64.0, 64.0, failed
128.0, 4, 8.0, 64.0, 128.0, failed
256.0, 4, 2.0, 256.0, 128.0, failed
512.0, 4, 4.0, 128.0, 256.0, failed
64.0, 4, 4.0, 32.0, 64.0, failed
256.0, 4, 2.0, 32.0, 128.0, failed
32.0, 4, 4.0, 512.0, 64.0, failed
64.0, 4, 8.0, 128.0, 512.0, failed
128.0, 4, 4.0, 128.0, 64.0, failed
256.0, 4, 4.0, 64.0, 256.0, failed
128.0, 4, 8.0, 256.0, 32.0, failed
64.0, 4, 4.0, 256.0, 256.0, failed
512.0, 4, 2.0, 64.0, 128.0, failed
512.0, 4, 4.0, 128.0, 256.0, failed
64.0, 4, 2.0, 128.0, 32.0, failed
128.0, 4, 4.0, 512.0, 256.0, failed
256.0, 4, 8.0, 32.0, 128.0, failed
128.0, 4, 8.0, 64.0, 128.0, failed
64.0, 4, 4.0, 256.0, 64.0, failed
32.0, 4, 2.0, 256.0, 512.0, failed
256.0, 4, 4.0, 64.0, 64.0, failed
128.0, 4, 4.0, 512.0, 256.0, failed
64.0, 4, 4.0, 64.0, 64.0, failed
32.0, 4, 8.0, 64.0, 128.0, failed
256.0, 4, 2.0, 128.0, 32.0, failed
512.0, 4, 2.0, 256.0, 256.0, failed
64.0, 4, 8.0, 32.0, 64.0, failed
128.0, 4, 4.0, 128.0, 512.0, failed
256.0, 4, 4.0, 256.0, 128.0, failed
256.0, 4, 4.0, 128.0, 256.0, failed
128.0, 4, 4.0, 64.0, 64.0, failed
64.0, 4, 2.0, 64.0, 512.0, failed
512.0, 4, 8.0, 512.0, 128.0, failed
256.0, 4, 8.0, 256.0, 256.0, failed
32.0, 4, 2.0, 128.0, 64.0, failed
64.0, 4, 4.0, 32.0, 128.0, failed
128.0, 4, 4.0, 256.0, 32.0, failed
128.0, 4, 8.0, 512.0, 32.0, failed
32.0, 4, 4.0, 128.0, 128.0, failed
64.0, 4, 2.0, 32.0, 128.0, failed
256.0, 4, 4.0, 128.0, 512.0, failed
512.0, 4, 4.0, 256.0, 64.0, failed
128.0, 4, 2.0, 64.0, 256.0, failed
64.0, 4, 4.0, 64.0, 64.0, failed
256.0, 4, 8.0, 256.0, 256.0, failed
256.0, 4, 4.0, 128.0, 64.0, failed
64.0, 4, 8.0, 32.0, 256.0, failed
128.0, 4, 4.0, 128.0, 64.0, failed
512.0, 4, 2.0, 512.0, 256.0, failed
256.0, 4, 2.0, 256.0, 32.0, failed
64.0, 4, 4.0, 64.0, 128.0, failed
32.0, 4, 8.0, 64.0, 128.0, failed
128.0, 4, 4.0, 256.0, 512.0, failed
512.0, 4, 8.0, 128.0, 32.0, failed
64.0, 4, 4.0, 64.0, 128.0, failed
128.0, 4, 2.0, 128.0, 64.0, failed
256.0, 4, 4.0, 256.0, 256.0, failed
128.0, 4, 4.0, 256.0, 128.0, failed
64.0, 4, 2.0, 32.0, 512.0, failed
32.0, 4, 4.0, 64.0, 64.0, failed
256.0, 4, 8.0, 512.0, 256.0, failed
256.0, 4, 4.0, 256.0, 128.0, failed
32.0, 4, 8.0, 128.0, 512.0, failed
64.0, 4, 4.0, 64.0, 64.0, failed
128.0, 4, 2.0, 128.0, 256.0, failed
256.0, 4, 2.0, 512.0, 32.0, failed
128.0, 4, 4.0, 64.0, 128.0, failed
64.0, 4, 8.0, 32.0, 64.0, failed
512.0, 4, 4.0, 256.0, 256.0, failed
64.0, 4, 4.0, 256.0, 256.0, failed
128.0, 4, 4.0, 64.0, 64.0, failed
256.0, 4, 8.0, 32.0, 256.0, failed
128.0, 4, 2.0, 128.0, 64.0, failed
64.0, 4, 2.0, 512.0, 128.0, failed
512.0, 4, 8.0, 128.0, 128.0, failed
256.0, 4, 4.0, 64.0, 512.0, failed
32.0, 4, 4.0, 256.0, 32.0, failed
32.0, 4, 4.0, 128.0, 128.0, failed
256.0, 4, 4.0, 32.0, 128.0, failed
512.0, 4, 2.0, 64.0, 512.0, failed
64.0, 4, 8.0, 256.0, 32.0, failed
128.0, 4, 8.0, 256.0, 256.0, failed
256.0, 4, 2.0, 64.0, 64.0, failed
128.0, 4, 4.0, 128.0, 256.0, failed
64.0, 4, 4.0, 512.0, 64.0, failed
512.0, 4, 4.0, 64.0, 256.0, failed
64.0, 4, 2.0, 128.0, 128.0, failed
64.0, 4, 4.0, 512.0, 256.0, failed
128.0, 4, 8.0, 64.0, 32.0, failed
256.0, 4, 8.0, 32.0, 512.0, failed
32.0, 4, 4.0, 256.0, 64.0, failed
128.0, 4, 2.0, 256.0, 128.0, failed
256.0, 4, 4.0, 128.0, 64.0, failed
256.0, 4, 2.0, 64.0, 512.0, failed
128.0, 4, 4.0, 512.0, 64.0, failed
32.0, 4, 8.0, 128.0, 128.0, failed
256.0, 4, 4.0, 64.0, 64.0, failed
128.0, 4, 4.0, 128.0, 256.0, failed
64.0, 4, 8.0, 256.0, 128.0, failed
64.0, 4, 4.0, 256.0, 256.0, failed
512.0, 4, 2.0, 32.0, 32.0, failed
128.0, 4, 8.0, 128.0, 256.0, failed
512.0, 4, 2.0, 256.0, 64.0, failed
128.0, 4, 4.0, 256.0, 256.0, failed
32.0, 4, 4.0, 32.0, 64.0, failed
64.0, 4, 4.0, 64.0, 128.0, failed
256.0, 4, 4.0, 512.0, 128.0, failed
256.0, 4, 2.0, 128.0, 512.0, failed
64.0, 4, 8.0, 64.0, 32.0, failed
64.0, 4, 2.0, 32.0, 128.0, failed
256.0, 4, 8.0, 256.0, 128.0, failed
256.0, 4, 4.0, 256.0, 512.0, failed
64.0, 4, 4.0, 128.0, 32.0, failed
32.0, 4, 4.0, 64.0, 256.0, failed
128.0, 4, 4.0, 128.0, 64.0, failed
512.0, 4, 8.0, 512.0, 256.0, failed
128.0, 4, 2.0, 64.0, 64.0, failed
512.0, 4, 2.0, 64.0, 128.0, failed
64.0, 4, 8.0, 256.0, 64.0, failed
64.0, 4, 4.0, 256.0, 256.0, failed
128.0, 4, 4.0, 64.0, 32.0, failed
256.0, 4, 4.0, 128.0, 512.0, failed
32.0, 4, 4.0, 128.0, 64.0, failed
128.0, 4, 8.0, 512.0, 256.0, failed
256.0, 4, 2.0, 32.0, 128.0, failed
256.0, 4, 8.0, 64.0, 512.0, failed
128.0, 4, 2.0, 256.0, 64.0, failed
32.0, 4, 4.0, 256.0, 256.0, failed
256.0, 4, 4.0, 64.0, 128.0, failed
128.0, 4, 4.0, 32.0, 128.0, failed
64.0, 4, 4.0, 512.0, 64.0, failed
64.0, 4, 2.0, 128.0, 256.0, failed
512.0, 4, 8.0, 128.0, 32.0, failed
64.0, 4, 8.0, 512.0, 32.0, failed
256.0, 4, 4.0, 32.0, 256.0, failed
128.0, 4, 2.0, 128.0, 64.0, failed
32.0, 4, 4.0, 128.0, 512.0, failed
64.0, 4, 4.0, 256.0, 128.0, failed
256.0, 4, 2.0, 64.0, 256.0, failed
512.0, 4, 4.0, 64.0, 64.0, failed
128.0, 4, 8.0, 256.0, 128.0, failed
128.0, 4, 4.0, 128.0, 128.0, failed
512.0, 4, 8.0, 128.0, 256.0, failed
256.0, 4, 4.0, 32.0, 64.0, failed
64.0, 4, 2.0, 512.0, 128.0, failed
32.0, 4, 2.0, 256.0, 32.0, failed
128.0, 4, 4.0, 64.0, 256.0, failed
256.0, 4, 8.0, 64.0, 64.0, failed
64.0, 4, 4.0, 256.0, 512.0, failed
128.0, 4, 8.0, 512.0, 512.0, failed
512.0, 4, 2.0, 32.0, 64.0, failed
128.0, 4, 4.0, 64.0, 128.0, failed
32.0, 4, 4.0, 256.0, 64.0, failed
64.0, 4, 4.0, 256.0, 256.0, failed
256.0, 4, 4.0, 64.0, 32.0, failed
256.0, 4, 2.0, 128.0, 256.0, failed
64.0, 4, 8.0, 128.0, 128.0, failed
64.0, 4, 2.0, 256.0, 256.0, failed
256.0, 4, 8.0, 64.0, 32.0, failed
256.0, 4, 4.0, 32.0, 256.0, failed
64.0, 4, 4.0, 512.0, 128.0, failed
32.0, 4, 4.0, 128.0, 512.0, failed
128.0, 4, 4.0, 128.0, 64.0, failed
512.0, 4, 8.0, 64.0, 128.0, failed
128.0, 4, 2.0, 256.0, 64.0, failed
512.0, 4, 2.0, 512.0, 256.0, failed
64.0, 4, 8.0, 64.0, 64.0, failed
128.0, 4, 4.0, 64.0, 512.0, failed
256.0, 4, 4.0, 128.0, 128.0, failed
128.0, 4, 4.0, 256.0, 256.0, failed
64.0, 4, 4.0, 128.0, 64.0, failed
32.0, 4, 8.0, 32.0, 128.0, failed
256.0, 4, 2.0, 256.0, 32.0, failed
256.0, 4, 8.0, 128.0, 256.0, failed
32.0, 4, 2.0, 64.0, 64.0, failed
64.0, 4, 4.0, 64.0, 128.0, failed
128.0, 4, 4.0, 512.0, 32.0, failed
256.0, 4, 4.0, 256.0, 256.0, failed
128.0, 4, 4.0, 32.0, 64.0, failed
64.0, 4, 2.0, 128.0, 512.0, failed
512.0, 4, 8.0, 256.0, 128.0, failed
512.0, 4, 8.0, 256.0, 128.0, failed
32.0, 4, 2.0, 128.0, 256.0, failed
64.0, 4, 4.0, 64.0, 32.0, failed
256.0, 4, 4.0, 512.0, 256.0, failed
128.0, 4, 4.0, 128.0, 64.0, failed
128.0, 4, 4.0, 64.0, 512.0, failed
64.0, 4, 2.0, 32.0, 64.0, failed
256.0, 4, 8.0, 256.0, 128.0, failed
256.0, 4, 2.0, 512.0, 64.0, failed
64.0, 4, 8.0, 64.0, 512.0, failed
128.0, 4, 4.0, 128.0, 64.0, failed
128.0, 4, 4.0, 256.0, 128.0, failed
256.0, 4, 4.0, 256.0, 128.0, failed
64.0, 4, 4.0, 32.0, 256.0, failed
32.0, 4, 8.0, 64.0, 32.0, failed
512.0, 4, 2.0, 128.0, 256.0, failed
256.0, 4, 2.0, 256.0, 512.0, failed
64.0, 4, 4.0, 64.0, 32.0, failed
32.0, 4, 8.0, 64.0, 256.0, failed
512.0, 4, 4.0, 256.0, 64.0, failed
256.0, 4, 4.0, 128.0, 128.0, failed
64.0, 4, 8.0, 128.0, 128.0, failed
128.0, 4, 4.0, 32.0, 256.0, failed
128.0, 4, 2.0, 512.0, 64.0, failed
128.0, 4, 4.0, 256.0, 128.0, failed
128.0, 4, 2.0, 64.0, 128.0, failed
64.0, 4, 4.0, 64.0, 256.0, failed
256.0, 4, 8.0, 256.0, 64.0, failed
512.0, 4, 8.0, 512.0, 512.0, failed
32.0, 4, 4.0, 32.0, 32.0, failed
64.0, 4, 2.0, 128.0, 256.0, failed
256.0, 4, 4.0, 128.0, 64.0, failed
32.0, 4, 8.0, 512.0, 512.0, failed
256.0, 4, 4.0, 64.0, 64.0, failed
256.0, 4, 2.0, 32.0, 128.0, failed
128.0, 4, 4.0, 256.0, 64.0, failed
64.0, 4, 4.0, 256.0, 256.0, failed
128.0, 4, 2.0, 128.0, 32.0, failed
512.0, 4, 4.0, 64.0, 256.0, failed
64.0, 4, 8.0, 128.0, 128.0, failed
64.0, 4, 4.0, 256.0, 256.0, failed
512.0, 4, 8.0, 32.0, 32.0, failed
128.0, 4, 4.0, 64.0, 256.0, failed
64.0, 4, 2.0, 512.0, 128.0, failed
128.0, 4, 2.0, 128.0, 512.0, failed
256.0, 4, 4.0, 64.0, 64.0, failed
256.0, 4, 8.0, 128.0, 128.0, failed
32.0, 4, 4.0, 256.0, 64.0, failed
256.0, 4, 4.0, 128.0, 256.0, failed
128.0, 4, 4.0, 256.0, 64.0, failed
64.0, 4, 2.0, 256.0, 512.0, failed
128.0, 4, 8.0, 32.0, 32.0, failed
256.0, 4, 8.0, 64.0, 256.0, failed
32.0, 4, 2.0, 128.0, 64.0, failed
64.0, 4, 4.0, 512.0, 128.0, failed
512.0, 4, 4.0, 64.0, 128.0, failed
512.0, 4, 4.0, 32.0, 256.0, failed
64.0, 4, 4.0, 256.0, 64.0, failed
32.0, 4, 8.0, 256.0, 128.0, failed
256.0, 4, 2.0, 128.0, 128.0, failed
128.0, 4, 2.0, 64.0, 256.0, failed
64.0, 4, 8.0, 512.0, 64.0, failed
128.0, 4, 4.0, 128.0, 512.0, failed
256.0, 4, 4.0, 64.0, 32.0, failed
256.0, 4, 4.0, 64.0, 128.0, failed
32.0, 4, 8.0, 128.0, 512.0, failed
128.0, 4, 4.0, 256.0, 64.0, failed
256.0, 4, 2.0, 32.0, 256.0, failed
128.0, 4, 2.0, 128.0, 32.0, failed
64.0, 4, 4.0, 256.0, 128.0, failed
64.0, 4, 8.0, 512.0, 64.0, failed
512.0, 4, 4.0, 64.0, 256.0, failed
512.0, 4, 8.0, 32.0, 32.0, failed
64.0, 4, 4.0, 256.0, 128.0, failed
64.0, 4, 2.0, 128.0, 64.0, failed
128.0, 4, 4.0, 64.0, 256.0, failed
256.0, 4, 4.0, 64.0, 128.0, failed
128.0, 4, 2.0, 512.0, 512.0, failed
32.0, 4, 4.0, 256.0, 64.0, failed
256.0, 4, 8.0, 128.0, 256.0, failed
64.0, 4, 4.0, 128.0, 128.0, failed
512.0, 4, 4.0, 256.0, 64.0, failed
256.0, 4, 8.0, 128.0, 512.0, failed
128.0, 4, 2.0, 64.0, 64.0, failed
64.0, 4, 2.0, 64.0, 256.0, failed
128.0, 4, 8.0, 512.0, 128.0, failed
256.0, 4, 4.0, 256.0, 256.0, failed
32.0, 4, 4.0, 32.0, 32.0, failed
32.0, 4, 4.0, 64.0, 256.0, failed
256.0, 4, 4.0, 128.0, 128.0, failed
128.0, 4, 2.0, 256.0, 256.0, failed
64.0, 4, 8.0, 128.0, 32.0, failed
128.0, 4, 8.0, 32.0, 128.0, failed
256.0, 4, 2.0, 256.0, 64.0, failed
512.0, 4, 4.0, 512.0, 512.0, failed
64.0, 4, 4.0, 64.0, 64.0, failed
128.0, 4, 8.0, 256.0, 32.0, failed
64.0, 4, 2.0, 128.0, 512.0, failed
64.0, 4, 4.0, 32.0, 128.0, failed
512.0, 4, 4.0, 256.0, 128.0, failed
256.0, 4, 4.0, 512.0, 64.0, failed
128.0, 4, 4.0, 64.0, 256.0, failed
32.0, 4, 2.0, 64.0, 64.0, failed
256.0, 4, 8.0, 128.0, 256.0, failed
256.0, 4, 2.0, 256.0, 64.0, failed
32.0, 4, 8.0, 32.0, 256.0, failed
128.0, 4, 4.0, 128.0, 64.0, failed
256.0, 4, 4.0, 256.0, 256.0, failed
512.0, 4, 4.0, 128.0, 32.0, failed
64.0, 4, 4.0, 64.0, 512.0, failed
64.0, 4, 8.0, 64.0, 128.0, failed
128.0, 4, 2.0, 512.0, 128.0, failed
512.0, 4, 4.0, 64.0, 64.0, failed
32.0, 4, 2.0, 512.0, 128.0, failed
64.0, 4, 4.0, 128.0, 128.0, failed
256.0, 4, 8.0, 64.0, 256.0, failed
128.0, 4, 8.0, 128.0, 64.0, failed
128.0, 4, 4.0, 256.0, 512.0, failed
64.0, 4, 2.0, 256.0, 32.0, failed
256.0, 4, 4.0, 32.0, 256.0, failed
256.0, 4, 2.0, 64.0, 64.0, failed
64.0, 4, 4.0, 128.0, 512.0, failed
128.0, 4, 8.0, 512.0, 32.0, failed
128.0, 4, 4.0, 64.0, 256.0, failed
256.0, 4, 4.0, 32.0, 64.0, failed
64.0, 4, 8.0, 256.0, 128.0, failed
32.0, 4, 4.0, 256.0, 128.0, failed
512.0, 4, 2.0, 128.0, 256.0, failed
128.0, 4, 2.0, 128.0, 32.0, failed
256.0, 4, 8.0, 256.0, 128.0, failed
512.0, 4, 4.0, 128.0, 64.0, failed
64.0, 4, 4.0, 64.0, 256.0, failed
32.0, 4, 4.0, 64.0, 128.0, failed
256.0, 4, 4.0, 512.0, 512.0, failed
128.0, 4, 8.0, 256.0, 64.0, failed
64.0, 4, 2.0, 32.0, 256.0, failed
64.0, 4, 8.0, 64.0, 128.0, failed
128.0, 4, 2.0, 128.0, 512.0, failed
256.0, 4, 4.0, 256.0, 64.0, failed
32.0, 4, 4.0, 128.0, 256.0, failed
64.0, 4, 4.0, 32.0, 32.0, failed
512.0, 4, 4.0, 256.0, 128.0, failed
256.0, 4, 2.0, 512.0, 64.0, failed
128.0, 4, 8.0, 64.0, 256.0, failed
32.0, 4, 4.0, 128.0, 128.0, failed
256.0, 4, 8.0, 32.0, 256.0, failed
256.0, 4, 4.0, 64.0, 32.0, failed
128.0, 4, 2.0, 256.0, 256.0, failed
64.0, 4, 2.0, 256.0, 64.0, failed
512.0, 4, 4.0, 64.0, 128.0, failed
128.0, 4, 8.0, 128.0, 64.0, failed
64.0, 4, 4.0, 512.0, 512.0, failed
64.0, 4, 8.0, 256.0, 64.0, failed
128.0, 4, 4.0, 64.0, 128.0, failed
512.0, 4, 2.0, 32.0, 64.0, failed
64.0, 4, 4.0, 128.0, 512.0, failed
128.0, 4, 4.0, 512.0, 128.0, failed
256.0, 4, 2.0, 128.0, 256.0, failed
256.0, 4, 4.0, 64.0, 32.0, failed
32.0, 4, 8.0, 256.0, 256.0, failed
128.0, 4, 4.0, 256.0, 32.0, failed
64.0, 4, 4.0, 64.0, 128.0, failed
128.0, 4, 8.0, 128.0, 128.0, failed
256.0, 4, 2.0, 128.0, 512.0, failed
512.0, 4, 2.0, 512.0, 64.0, failed
64.0, 4, 8.0, 32.0, 256.0, failed
32.0, 4, 4.0, 64.0, 64.0, failed
256.0, 4, 4.0, 256.0, 256.0, failed
256.0, 4, 4.0, 128.0, 64.0, failed
32.0, 4, 4.0, 128.0, 256.0, failed
64.0, 4, 2.0, 64.0, 64.0, failed
512.0, 4, 8.0, 256.0, 256.0, failed
256.0, 4, 8.0, 256.0, 32.0, failed
128.0, 4, 2.0, 64.0, 128.0, failed
64.0, 4, 4.0, 32.0, 128.0, failed
128.0, 4, 4.0, 512.0, 512.0, failed
32.0, 4, 4.0, 128.0, 256.0, failed
512.0, 4, 2.0, 32.0, 32.0, failed
256.0, 4, 4.0, 128.0, 128.0, failed
64.0, 4, 8.0, 512.0, 64.0, failed
128.0, 4, 8.0, 256.0, 256.0, failed
128.0, 4, 4.0, 64.0, 128.0, failed
256.0, 4, 2.0, 64.0, 512.0, failed
64.0, 4, 4.0, 256.0, 64.0, failed
64.0, 4, 2.0, 512.0, 256.0, failed
256.0, 4, 4.0, 128.0, 128.0, failed
128.0, 4, 8.0, 32.0, 512.0, failed
128.0, 4, 4.0, 128.0, 64.0, failed
64.0, 4, 4.0, 256.0, 256.0, failed
256.0, 4, 8.0, 64.0, 32.0, failed
512.0, 4, 4.0, 64.0, 128.0, failed
32.0, 4, 2.0, 256.0, 64.0, failed
256.0, 4, 8.0, 256.0, 128.0, failed
128.0, 4, 2.0, 128.0, 64.0, failed
64.0, 4, 4.0, 32.0, 256.0, failed
512.0, 4, 4.0, 256.0, 128.0, failed
256.0, 4, 4.0, 512.0, 512.0, failed
32.0, 4, 4.0, 64.0, 64.0, failed
64.0, 4, 2.0, 64.0, 256.0, failed
128.0, 4, 8.0, 128.0, 32.0, failed
128.0, 4, 2.0, 256.0, 512.0, failed
64.0, 4, 8.0, 32.0, 64.0, failed
32.0, 4, 4.0, 128.0, 256.0, failed
256.0, 4, 4.0, 256.0, 32.0, failed
512.0, 4, 4.0, 128.0, 128.0, failed
64.0, 4, 4.0, 64.0, 64.0, failed
128.0, 4, 8.0, 64.0, 256.0, failed
256.0, 4, 2.0, 512.0, 128.0, failed
128.0, 4, 4.0, 32.0, 64.0, failed
256.0, 4, 8.0, 128.0, 512.0, failed
512.0, 4, 4.0, 512.0, 64.0, failed
64.0, 4, 2.0, 128.0, 128.0, failed
32.0, 4, 2.0, 64.0, 128.0, failed
256.0, 4, 4.0, 256.0, 256.0, failed
128.0, 4, 8.0, 256.0, 32.0, failed
64.0, 4, 4.0, 64.0, 256.0, failed
64.0, 4, 8.0, 128.0, 128.0, failed
128.0, 4, 4.0, 512.0, 256.0, failed
256.0, 4, 2.0, 128.0, 32.0, failed
32.0, 4, 4.0, 32.0, 256.0, failed
64.0, 4, 4.0, 64.0, 64.0, failed
512.0, 4, 2.0, 256.0, 512.0, failed
256.0, 4, 4.0, 256.0, 64.0, failed
128.0, 4, 8.0, 64.0, 128.0, failed
256.0, 4, 4.0, 32.0, 128.0, failed
32.0, 4, 4.0, 256.0, 256.0, failed
64.0, 4, 8.0, 512.0, 32.0, failed
512.0, 4, 2.0, 64.0, 256.0, failed
256.0, 4, 2.0, 64.0, 64.0, failed
128.0, 4, 8.0, 128.0, 512.0, failed
64.0, 4, 4.0, 256.0, 64.0, failed
128.0, 4, 4.0, 128.0, 128.0, failed
128.0, 4, 4.0, 64.0, 64.0, failed
64.0, 4, 4.0, 512.0, 512.0, failed
128.0, 4, 2.0, 256.0, 64.0, failed
256.0, 4, 8.0, 32.0, 128.0, failed
512.0, 4, 8.0, 128.0, 128.0, failed
64.0, 4, 2.0, 256.0, 256.0, failed
32.0, 4, 4.0, 128.0, 32.0, failed
256.0, 4, 4.0, 64.0, 256.0, failed
128.0, 4, 2.0, 64.0, 128.0, failed
128.0, 4, 8.0, 256.0, 256.0, failed
32.0, 4, 4.0, 128.0, 64.0, failed
512.0, 4, 4.0, 128.0, 128.0, failed
256.0, 4, 4.0, 32.0, 32.0, failed
64.0, 4, 4.0, 512.0, 256.0, failed
64.0, 4, 8.0, 256.0, 64.0, failed
256.0, 4, 2.0, 64.0, 512.0, failed
256.0, 4, 8.0, 128.0, 32.0, failed
64.0, 4, 2.0, 128.0, 256.0, failed
64.0, 4, 4.0, 256.0, 64.0, failed
256.0, 4, 4.0, 64.0, 512.0, failed
512.0, 4, 4.0, 64.0, 128.0, failed
32.0, 4, 4.0, 256.0, 256.0, failed
128.0, 4, 2.0, 512.0, 64.0, failed
128.0, 4, 8.0, 32.0, 128.0, failed
256.0, 4, 8.0, 256.0, 256.0, failed
64.0, 4, 4.0, 128.0, 32.0, failed
128.0, 4, 2.0, 32.0, 128.0, failed
512.0, 4, 4.0, 256.0, 64.0, failed
256.0, 4, 4.0, 512.0, 256.0, failed
64.0, 4, 2.0, 64.0, 128.0, failed
32.0, 4, 4.0, 64.0, 512.0, failed
128.0, 4, 8.0, 128.0, 64.0, failed
128.0, 4, 4.0, 256.0, 256.0, failed
32.0, 4, 8.0, 32.0, 128.0, failed
64.0, 4, 4.0, 128.0, 512.0, failed
256.0, 4, 2.0, 256.0, 64.0, failed
512.0, 4, 2.0, 128.0, 256.0, failed
128.0, 4, 4.0, 64.0, 32.0, failed
64.0, 4, 8.0, 64.0, 128.0, failed
256.0, 4, 4.0, 512.0, 64.0, failed
256.0, 4, 4.0, 256.0, 512.0, failed
64.0, 4, 2.0, 128.0, 64.0, failed
32.0, 4, 4.0, 32.0, 128.0, failed
128.0, 4, 8.0, 256.0, 64.0, failed
256.0, 4, 8.0, 512.0, 256.0, failed
64.0, 4, 4.0, 64.0, 32.0, failed
128.0, 4, 2.0, 64.0, 256.0, failed
512.0, 4, 4.0, 128.0, 128.0, failed
512.0, 4, 2.0, 256.0, 256.0, failed
128.0, 4, 4.0, 32.0, 32.0, failed
64.0, 4, 8.0, 128.0, 256.0, failed
256.0, 4, 4.0, 256.0, 128.0, failed
128.0, 4, 4.0, 128.0, 512.0, failed
32.0, 4, 8.0, 64.0, 64.0, failed
64.0, 4, 4.0, 64.0, 128.0, failed
256.0, 4, 2.0, 512.0, 64.0, failed
128.0, 4, 4.0, 512.0, 256.0, failed
256.0, 4, 4.0, 32.0, 128.0, failed
256.0, 4, 8.0, 128.0, 512.0, failed
32.0, 4, 2.0, 128.0, 64.0, failed
64.0, 4, 2.0, 256.0, 256.0, failed
128.0, 4, 8.0, 64.0, 32.0, failed
512.0, 4, 4.0, 64.0, 128.0, failed
64.0, 4, 4.0, 256.0, 64.0, failed
64.0, 4, 4.0, 128.0, 256.0, failed
512.0, 4, 4.0, 128.0, 32.0, failed
128.0, 4, 2.0, 32.0, 128.0, failed
64.0, 4, 8.0, 512.0, 64.0, failed
32.0, 4, 8.0, 256.0, 256.0, failed
256.0, 4, 2.0, 64.0, 128.0, failed
256.0, 4, 4.0, 64.0, 512.0, failed
128.0, 4, 4.0, 256.0, 64.0, failed
512.0, 4, 4.0, 128.0, 64.0, failed
64.0, 4, 4.0, 256.0, 256.0, failed
128.0, 4, 2.0, 128.0, 128.0, failed
256.0, 4, 8.0, 64.0, 512.0, failed
128.0, 4, 8.0, 64.0, 64.0, failed
64.0, 4, 2.0, 512.0, 256.0, failed
32.0, 4, 4.0, 256.0, 32.0, failed
256.0, 4, 4.0, 32.0, 128.0, failed
256.0, 4, 4.0, 64.0, 64.0, failed
32.0, 4, 4.0, 128.0, 256.0, failed
64.0, 4, 8.0, 256.0, 32.0, failed
128.0, 4, 2.0, 128.0, 128.0, failed
256.0, 4, 2.0, 32.0, 64.0, failed
128.0, 4, 8.0, 256.0, 256.0, failed
64.0, 4, 4.0, 512.0, 128.0, failed
512.0, 4, 4.0, 64.0, 512.0, failed
32.0, 4, 8.0, 32.0, 128.0, failed
256.0, 4, 2.0, 512.0, 32.0, failed
128.0, 4, 4.0, 128.0, 512.0, failed
64.0, 4, 4.0, 128.0, 128.0, failed
128.0, 4, 4.0, 64.0, 256.0, failed
256.0, 4, 4.0, 256.0, 64.0, failed
512.0, 4, 2.0, 256.0, 256.0, failed
64.0, 4, 8.0, 64.0, 64.0, failed
64.0, 4, 2.0, 128.0, 256.0, failed
512.0, 4, 8.0, 128.0, 64.0, failed
256.0, 4, 4.0, 512.0, 256.0, failed
128.0, 4, 4.0, 32.0, 64.0, failed
64.0, 4, 4.0, 64.0, 128.0, failed
128.0, 4, 4.0, 256.0, 32.0, failed
256.0, 4, 8.0, 256.0, 512.0, failed
32.0, 4, 2.0, 64.0, 128.0, failed
128.0, 4, 4.0, 256.0, 128.0, failed
512.0, 4, 2.0, 128.0, 128.0, failed
128.0, 4, 4.0, 64.0, 512.0, failed
32.0, 4, 8.0, 512.0, 32.0, failed
64.0, 4, 8.0, 128.0, 256.0, failed
256.0, 4, 4.0, 64.0, 64.0, failed
256.0, 4, 2.0, 32.0, 256.0, failed
64.0, 4, 4.0, 256.0, 64.0, failed
64.0, 4, 2.0, 512.0, 256.0, failed
256.0, 4, 4.0, 64.0, 64.0, failed
256.0, 4, 8.0, 128.0, 256.0, failed
64.0, 4, 4.0, 256.0, 64.0, failed
32.0, 4, 4.0, 256.0, 128.0, failed
128.0, 4, 8.0, 32.0, 128.0, failed
512.0, 4, 4.0, 64.0, 512.0, failed
128.0, 4, 2.0, 128.0, 32.0, failed
128.0, 4, 4.0, 64.0, 256.0, failed
128.0, 4, 2.0, 512.0, 64.0, failed
256.0, 4, 4.0, 128.0, 256.0, failed
64.0, 4, 8.0, 64.0, 64.0, failed
32.0, 4, 8.0, 32.0, 512.0, failed
512.0, 4, 4.0, 256.0, 32.0, failed
256.0, 4, 2.0, 256.0, 128.0, failed
64.0, 4, 4.0, 128.0, 128.0, failed
64.0, 4, 2.0, 64.0, 512.0, failed
256.0, 4, 4.0, 128.0, 32.0, failed
512.0, 4, 8.0, 512.0, 128.0, failed
32.0, 4, 4.0, 64.0, 128.0, failed
64.0, 4, 4.0, 128.0, 256.0, failed
256.0, 4, 8.0, 256.0, 64.0, failed
128.0, 4, 4.0, 256.0, 256.0, failed
128.0, 4, 2.0, 32.0, 64.0, failed
64.0, 4, 2.0, 128.0, 256.0, failed
256.0, 4, 8.0, 128.0, 32.0, failed
128.0, 4, 4.0, 512.0, 512.0, failed
128.0, 4, 4.0, 32.0, 64.0, failed
64.0, 4, 4.0, 64.0, 256.0, failed
256.0, 4, 4.0, 256.0, 128.0, failed
512.0, 4, 8.0, 256.0, 128.0, failed
32.0, 4, 2.0, 64.0, 64.0, failed
32.0, 4, 8.0, 32.0, 256.0, failed
512.0, 4, 2.0, 512.0, 128.0, failed
256.0, 4, 4.0, 128.0, 128.0, failed
64.0, 4, 4.0, 128.0, 64.0, failed
128.0, 4, 4.0, 64.0, 256.0, failed
128.0, 4, 4.0, 256.0, 32.0, failed
256.0, 4, 2.0, 256.0, 512.0, failed
64.0, 4, 8.0, 64.0, 64.0, failed
128.0, 4, 4.0, 32.0, 512.0, failed
64.0, 4, 2.0, 128.0, 32.0, failed
64.0, 4, 4.0, 512.0, 128.0, failed
512.0, 4, 8.0, 128.0, 128.0, failed
256.0, 4, 8.0, 64.0, 256.0, failed
128.0, 4, 4.0, 256.0, 64.0, failed
32.0, 4, 2.0, 256.0, 256.0, failed
256.0, 4, 4.0, 64.0, 64.0, failed
256.0, 4, 2.0, 128.0, 256.0, failed
32.0, 4, 4.0, 512.0, 64.0, failed
128.0, 4, 8.0, 128.0, 256.0, failed
256.0, 4, 4.0, 32.0, 64.0, failed
512.0, 4, 4.0, 64.0, 512.0, failed
64.0, 4, 8.0, 256.0, 32.0, failed
64.0, 4, 4.0, 256.0, 128.0, failed
128.0, 4, 2.0, 64.0, 128.0, failed
32.0, 4, 8.0, 128.0, 128.0, failed
256.0, 4, 2.0, 128.0, 64.0, failed
256.0, 4, 4.0, 512.0, 256.0, failed
128.0, 4, 4.0, 32.0, 32.0, failed
64.0, 4, 4.0, 64.0, 512.0, failed
128.0, 4, 4.0, 256.0, 64.0, failed
512.0, 4, 2.0, 256.0, 256.0, failed
64.0, 4, 8.0, 64.0, 128.0, failed
64.0, 4, 2.0, 32.0, 512.0, failed
512.0, 4, 8.0, 512.0, 64.0, failed
128.0, 4, 4.0, 128.0, 256.0, failed
64.0, 4, 4.0, 128.0, 128.0, failed
128.0, 4, 4.0, 64.0, 128.0, failed
256.0, 4, 4.0, 256.0, 64.0, failed
256.0, 4, 8.0, 256.0, 256.0, failed
32.0, 4, 2.0, 64.0, 32.0, failed
64.0, 4, 8.0, 256.0, 128.0, failed
128.0, 4, 4.0, 64.0, 256.0, failed
256.0, 4, 2.0, 32.0, 64.0, failed
128.0, 4, 4.0, 512.0, 128.0, failed
64.0, 4, 4.0, 128.0, 32.0, failed
512.0, 4, 2.0, 128.0, 256.0, failed
256.0, 4, 4.0, 64.0, 64.0, failed
32.0, 4, 8.0, 256.0, 512.0, failed
32.0, 4, 4.0, 512.0, 32.0, failed
256.0, 4, 8.0, 32.0, 256.0, failed
512.0, 4, 4.0, 64.0, 64.0, failed
64.0, 4, 2.0, 256.0, 512.0, failed
128.0, 4, 2.0, 256.0, 128.0, failed
256.0, 4, 4.0, 64.0, 256.0, failed
128.0, 4, 8.0, 128.0, 64.0, failed
64.0, 4, 4.0, 128.0, 128.0, failed
32.0, 4, 4.0, 64.0, 256.0, failed
256.0, 4, 2.0, 512.0, 64.0, failed
128.0, 4, 4.0, 256.0, 256.0, failed
64.0, 4, 8.0, 32.0, 64.0, failed
128.0, 4, 8.0, 128.0, 512.0, failed
256.0, 4, 4.0, 256.0, 128.0, failed
512.0, 4, 2.0, 128.0, 128.0, failed
64.0, 4, 4.0, 64.0, 32.0, failed
64.0, 4, 2.0, 32.0, 512.0, failed
512.0, 4, 4.0, 256.0, 128.0, failed
256.0, 4, 8.0, 512.0, 128.0, failed
128.0, 4, 4.0, 64.0, 32.0, failed
64.0, 4, 4.0, 64.0, 256.0, failed
128.0, 4, 8.0, 128.0, 64.0, failed
256.0, 4, 4.0, 256.0, 256.0, failed
32.0, 4, 2.0, 128.0, 64.0, failed
128.0, 4, 4.0, 64.0, 32.0, failed
64.0, 4, 2.0, 256.0, 256.0, failed
64.0, 4, 4.0, 128.0, 64.0, failed
512.0, 4, 8.0, 32.0, 128.0, failed
256.0, 4, 8.0, 128.0, 128.0, failed
32.0, 4, 4.0, 512.0, 256.0, failed
128.0, 4, 2.0, 256.0, 64.0, failed
256.0, 4, 4.0, 64.0, 512.0, failed
256.0, 4, 2.0, 32.0, 128.0, failed
128.0, 4, 4.0, 128.0, 256.0, failed
32.0, 4, 8.0, 256.0, 64.0, failed
256.0, 4, 4.0, 64.0, 512.0, failed
512.0, 4, 4.0, 64.0, 32.0, failed
64.0, 4, 8.0, 256.0, 256.0, failed
64.0, 4, 4.0, 512.0, 64.0, failed
128.0, 4, 2.0, 128.0, 128.0, failed
64.0, 4, 4.0, 128.0, 128.0, failed
256.0, 4, 4.0, 128.0, 512.0, failed
256.0, 4, 8.0, 64.0, 32.0, failed
64.0, 4, 2.0, 256.0, 128.0, failed
128.0, 4, 2.0, 256.0, 64.0, failed
512.0, 4, 8.0, 64.0, 256.0, failed
128.0, 4, 4.0, 32.0, 64.0, failed
32.0, 4, 4.0, 512.0, 256.0, failed
32.0, 4, 4.0, 256.0, 64.0, failed
128.0, 4, 4.0, 64.0, 256.0, failed
512.0, 4, 2.0, 128.0, 64.0, failed
128.0, 4, 8.0, 128.0, 256.0, failed
64.0, 4, 8.0, 512.0, 128.0, failed
256.0, 4, 2.0, 32.0, 512.0, failed
256.0, 4, 4.0, 64.0, 32.0, failed
64.0, 4, 4.0, 256.0, 128.0, failed
128.0, 4, 4.0, 256.0, 128.0, failed
256.0, 4, 2.0, 64.0, 128.0, failed
256.0, 4, 4.0, 128.0, 32.0, failed
32.0, 4, 8.0, 128.0, 512.0, failed
64.0, 4, 8.0, 512.0, 64.0, failed
128.0, 4, 4.0, 32.0, 256.0, failed
512.0, 4, 2.0, 64.0, 64.0, failed
64.0, 4, 4.0, 256.0, 256.0, failed
64.0, 4, 2.0, 128.0, 64.0, failed
512.0, 4, 4.0, 128.0, 256.0, failed
128.0, 4, 8.0, 64.0, 64.0, failed
64.0, 4, 4.0, 256.0, 256.0, failed
32.0, 4, 4.0, 256.0, 128.0, failed
256.0, 4, 8.0, 64.0, 128.0, failed
256.0, 4, 4.0, 32.0, 32.0, failed
128.0, 4, 2.0, 512.0, 512.0, failed
256.0, 4, 4.0, 64.0, 64.0, failed
64.0, 4, 4.0, 512.0, 256.0, failed
128.0, 4, 8.0, 128.0, 128.0, failed
512.0, 4, 2.0, 64.0, 512.0, failed
256.0, 4, 2.0, 128.0, 64.0, failed
64.0, 4, 8.0, 256.0, 256.0, failed
32.0, 4, 4.0, 256.0, 32.0, failed
128.0, 4, 4.0, 32.0, 128.0, failed
128.0, 4, 4.0, 64.0, 64.0, failed
32.0, 4, 4.0, 128.0, 256.0, failed
64.0, 4, 2.0, 512.0, 32.0, failed
256.0, 4, 8.0, 64.0, 128.0, failed
512.0, 4, 8.0, 32.0, 64.0, failed
128.0, 4, 2.0, 256.0, 256.0, failed
64.0, 4, 4.0, 256.0, 128.0, failed
256.0, 4, 4.0, 128.0, 512.0, failed
512.0, 4, 4.0, 128.0, 64.0, failed
128.0, 4, 2.0, 256.0, 256.0, failed
32.0, 4, 4.0, 128.0, 128.0, failed
128.0, 4, 8.0, 64.0, 128.0, failed
256.0, 4, 8.0, 64.0, 64.0, failed
64.0, 4, 4.0, 512.0, 256.0, failed
64.0, 4, 2.0, 256.0, 32.0, failed
256.0, 4, 4.0, 32.0, 512.0, failed
256.0, 4, 2.0, 64.0, 64.0, failed
64.0, 4, 4.0, 128.0, 256.0, failed
64.0, 4, 8.0, 256.0, 32.0, failed
256.0, 4, 4.0, 128.0, 512.0, failed
128.0, 4, 4.0, 32.0, 64.0, failed
32.0, 4, 8.0, 256.0, 256.0, failed
128.0, 4, 4.0, 512.0, 128.0, failed
512.0, 4, 2.0, 64.0, 128.0, failed
128.0, 4, 2.0, 32.0, 128.0, failed
256.0, 4, 8.0, 256.0, 128.0, failed
128.0, 4, 4.0, 512.0, 64.0, failed
64.0, 4, 4.0, 64.0, 256.0, failed
32.0, 4, 4.0, 64.0, 32.0, failed
256.0, 4, 4.0, 128.0, 512.0, failed
512.0, 4, 8.0, 256.0, 64.0, failed
64.0, 4, 2.0, 128.0, 256.0, failed
64.0, 4, 8.0, 64.0, 32.0, failed
512.0, 4, 2.0, 512.0, 512.0, failed
256.0, 4, 4.0, 256.0, 64.0, failed
32.0, 4, 4.0, 32.0, 256.0, failed
64.0, 4, 4.0, 128.0, 128.0, failed
128.0, 4, 4.0, 256.0, 128.0, failed
256.0, 4, 2.0, 128.0, 64.0, failed
128.0, 4, 8.0, 64.0, 256.0, failed
64.0, 4, 2.0, 64.0, 512.0, failed
256.0, 4, 4.0, 256.0, 64.0, failed
256.0, 4, 8.0, 512.0, 128.0, failed
64.0, 4, 4.0, 32.0, 64.0, failed
128.0, 4, 4.0, 128.0, 256.0, failed
512.0, 4, 8.0, 128.0, 32.0, failed
128.0, 4, 4.0, 256.0, 256.0, failed
32.0, 4, 2.0, 64.0, 128.0, failed
32.0, 4, 4.0, 32.0, 256.0, failed
128.0, 4, 2.0, 512.0, 32.0, failed
512.0, 4, 4.0, 256.0, 256.0, failed
128.0, 4, 8.0, 64.0, 128.0, failed
64.0, 4, 8.0, 64.0, 512.0, failed
256.0, 4, 4.0, 256.0, 64.0, failed
256.0, 4, 2.0, 128.0, 128.0, failed
64.0, 4, 4.0, 128.0, 64.0, failed
128.0, 4, 4.0, 64.0, 256.0, failed
128.0, 4, 8.0, 128.0, 128.0, failed
64.0, 4, 4.0, 256.0, 128.0, failed
256.0, 4, 2.0, 128.0, 64.0, failed
512.0, 4, 2.0, 32.0, 256.0, failed
32.0, 4, 4.0, 256.0, 32.0, failed
64.0, 4, 8.0, 512.0, 512.0, failed
256.0, 4, 4.0, 64.0, 64.0, failed
256.0, 4, 8.0, 128.0, 256.0, failed
64.0, 4, 4.0, 256.0, 32.0, failed
32.0, 4, 2.0, 128.0, 512.0, failed
512.0, 4, 4.0, 64.0, 64.0, failed
256.0, 4, 4.0, 64.0, 256.0, failed
64.0, 4, 2.0, 512.0, 128.0, failed
128.0, 4, 4.0, 256.0, 128.0, failed
128.0, 4, 8.0, 32.0, 64.0, failed
32.0, 4, 4.0, 256.0, 256.0, failed
256.0, 4, 2.0, 32.0, 64.0, failed
256.0, 4, 4.0, 64.0, 256.0, failed
128.0, 4, 8.0, 512.0, 64.0, failed
64.0, 4, 8.0, 128.0, 128.0, failed
512.0, 4, 4.0, 64.0, 128.0, failed
128.0, 4, 2.0, 128.0, 512.0, failed
64.0, 4, 4.0, 256.0, 32.0, failed
64.0, 4, 2.0, 512.0, 128.0, failed
128.0, 4, 4.0, 64.0, 128.0, failed
512.0, 4, 8.0, 32.0, 512.0, failed
64.0, 4, 4.0, 256.0, 32.0, failed
128.0, 4, 4.0, 256.0, 256.0, failed
256.0, 4, 8.0, 128.0, 64.0, failed
256.0, 4, 4.0, 64.0, 256.0, failed
32.0, 4, 2.0, 128.0, 64.0, failed
256.0, 4, 8.0, 64.0, 64.0, failed
64.0, 4, 4.0, 256.0, 256.0, failed
64.0, 4, 2.0, 128.0, 128.0, failed
256.0, 4, 4.0, 128.0, 512.0, failed
128.0, 4, 4.0, 32.0, 64.0, failed
128.0, 4, 2.0, 512.0, 256.0, failed
32.0, 4, 4.0, 256.0, 32.0, failed
512.0, 4, 8.0, 64.0, 128.0, failed
512.0, 4, 4.0, 128.0, 64.0, failed
32.0, 4, 8.0, 128.0, 256.0, failed
128.0, 4, 4.0, 256.0, 32.0, failed
128.0, 4, 2.0, 64.0, 128.0, failed
256.0, 4, 2.0, 64.0, 64.0, failed
64.0, 4, 4.0, 256.0, 256.0, failed
64.0, 4, 8.0, 512.0, 128.0, failed
256.0, 4, 4.0, 32.0, 512.0, failed
256.0, 4, 8.0, 128.0, 128.0, failed
128.0, 4, 4.0, 32.0, 128.0, failed
32.0, 4, 2.0, 64.0, 32.0, failed
256.0, 4, 4.0, 256.0, 512.0, failed
128.0, 4, 4.0, 256.0, 64.0, failed
64.0, 4, 2.0, 64.0, 256.0, failed
64.0, 4, 4.0, 128.0, 64.0, failed
512.0, 4, 8.0, 512.0, 256.0, failed
