btb_size, lsu_num_nbload, lsu_stbuf_depth, dccm_size, iccm_size, mcycle_cmark, mcycle_dhry, mcycle_cmark_iccm, mcycle_cmark_dccm, LUT as Logic
64.0, 4.0, 8.0, 128.0, 128.0, 409626, 358971, 315907, 297715, 32590.0
512.0, 8.0, 2.0, 64.0, 32.0, 407585, 373427, 316032, 298897, 40294.0
256.0, 2.0, 4.0, 512.0, 64.0, failed
128.0, 4.0, 4.0, 64.0, 256.0, 409406, 357920, 314779, 297510, 32766.0
64.0, 2.0, 2.0, 128.0, 512.0, 447989, 376105, 317434, 298937, 30421.0
128.0, 4.0, 8.0, 256.0, 128.0, 409406, 357920, 314778, 297509, 33456.0
256.0, 4.0, 4.0, 32.0, 64.0, 409414, 357919, 314517, 297522, 34819.0
32.0, 8.0, 4.0, 256.0, 256.0, 408080, 363032, 315878, 298313, 33429.0
32.0, 2.0, 4.0, 256.0, 32.0, 448479, 363633, 315958, 298458, 30105.0
256.0, 4.0, 4.0, 128.0, 128.0, 409414, 357919, 314517, 297522, 35001.0
128.0, 4.0, 2.0, 256.0, 256.0, 409406, 374452, 316226, 298586, 32693.0
64.0, 8.0, 8.0, 32.0, 64.0, 407494, 358971, 315907, 297715, 34764.0
128.0, 4.0, 4.0, 64.0, 128.0, 409406, 357920, 314779, 297510, 32803.0
256.0, 8.0, 4.0, 128.0, 512.0, 407279, 357919, 314517, 297522, 36861.0
512.0, 2.0, 8.0, 64.0, 256.0, 448061, 357515, 314661, 297972, 37976.0
64.0, 4.0, 2.0, 512.0, 64.0, failed
64.0, 4.0, 2.0, 64.0, 128.0, 409626, 375503, 317357, 298791, 31856.0
256.0, 4.0, 8.0, 256.0, 256.0, 409414, 357919, 314516, 297521, 35561.0
256.0, 2.0, 4.0, 64.0, 128.0, 447761, 358519, 314596, 297669, 33759.0
64.0, 8.0, 4.0, 256.0, 64.0, 407494, 358971, 315908, 297716, 34037.0
128.0, 2.0, 8.0, 128.0, 32.0, 447732, 358519, 314853, 297653, 32148.0
512.0, 8.0, 2.0, 32.0, 256.0, 407585, 373427, 316032, 298897, 40417.0
128.0, 4.0, 4.0, 512.0, 512.0, failed
32.0, 4.0, 4.0, 128.0, 64.0, 410217, 363032, 315878, 298313, 31433.0
32.0, 2.0, 4.0, 32.0, 256.0, 448479, 363633, 315958, 298458, 30074.0
128.0, 8.0, 4.0, 128.0, 128.0, 407272, 357920, 314779, 297510, 34848.0
512.0, 4.0, 8.0, 128.0, 64.0, 409709, 356914, 314581, 297827, 39210.0
128.0, 4.0, 2.0, 512.0, 128.0, failed
64.0, 4.0, 4.0, 256.0, 256.0, 409626, 358971, 315908, 297716, 32145.0
256.0, 4.0, 4.0, 64.0, 32.0, 409414, 357919, 314517, 297522, 34748.0
256.0, 2.0, 2.0, 256.0, 64.0, 447761, 375051, 316044, 298744, 33557.0
64.0, 8.0, 8.0, 64.0, 512.0, 407494, 358971, 315907, 297715, 34629.0
