btb_size, icache_size, mcycle_cmark, mcycle_hello_world_dccm, LUT as Logic
512.0, 128.0, 396294, 75, 44981
32.0, 16.0, 398916, 75, 31403
8.0, 256.0, failed
128.0, 32.0, 396145, 75, 33730
64.0, 128.0, 397142, 75, 38201
16.0, 32.0, failed
64.0, 64.0, 397142, 75, 34732
256.0, 8.0, 398145, 75, 34454
256.0, 256.0, 396242, 75, 48621
32.0, 32.0, 398188, 75, 32336
16.0, 64.0, failed
128.0, 16.0, 396871, 75, 32801
128.0, 64.0, 396127, 75, 35717
16.0, 16.0, failed
32.0, 128.0, 398174, 75, 37545
256.0, 32.0, 396256, 75, 35837
256.0, 128.0, 396242, 75, 41242
8.0, 64.0, failed
128.0, 8.0, 397924, 75, 32387
256.0, 64.0, 396242, 75, 37777
64.0, 8.0, 398935, 75, 31540
16.0, 128.0, failed
64.0, 16.0, 397885, 75, 31969
128.0, 256.0, 396127, 75, 47098
8.0, 32.0, failed
512.0, 16.0, 397103, 75, 38568
512.0, 256.0, 396294, 75, 52397
8.0, 128.0, failed
16.0, 8.0, failed
512.0, 64.0, failed
8.0, 16.0, failed
512.0, 8.0, 398363, 75, 38157.0
128.0, 128.0, 396127, 75, 39202.0
32.0, 64.0, 398174, 75, 34028.0
64.0, 32.0, 397156, 75, 32743.0
64.0, 256.0, 397142, 75, 46099.0
512.0, 32.0, 396308, 75, 39542.0
32.0, 256.0, 398174, 75, 45442.0
256.0, 16.0, 396977, 75, 34859.0
32.0, 8.0, 399964, 75, 30954.0
