NrExtIntr, MMIOSize, LUT as Logic, CLB Registers, CARRY8
7.0, 4.0, 2.64, 1.23, 0.55
5.0, 9.0, failed
3.0, 3.0, failed
6.0, 7.0, failed
8.0, 3.0, failed
1.0, 9.0, failed
5.0, 6.0, failed
6.0, 3.0, failed
9.0, 5.0, failed
2.0, 9.0, failed
4.0, 2.0, 2.62, 1.22, 0.55
6.0, 8.0, 2.65, 1.22, 0.55
2.0, 5.0, failed
7.0, 8.0, 2.64, 1.23, 0.55
9.0, 3.0, failed
3.0, 6.0, failed
2.0, 8.0, 2.61, 1.21, 0.55
6.0, 4.0, 2.65, 1.22, 0.55
9.0, 4.0, 2.68, 1.23, 0.55
7.0, 2.0, 2.64, 1.23, 0.55
8.0, 10.0, failed
5.0, 5.0, failed
6.0, 10.0, failed
5.0, 3.0, failed
4.0, 8.0, 2.62, 1.22, 0.55
7.0, 3.0, failed
2.0, 6.0, failed
2.0, 2.0, 2.61, 1.21, 0.55
8.0, 8.0, 2.67, 1.23, 0.55
5.0, 2.0, 2.64, 1.22, 0.55
8.0, 9.0, failed
1.0, 1.0, 2.61, 1.2, 0.55
8.0, 7.0, failed
1.0, 4.0, 2.6, 1.2, 0.55
1.0, 5.0, failed
10.0, 6.0, failed
9.0, 6.0, failed
2.0, 1.0, 2.61, 1.21, 0.55
5.0, 4.0, 2.64, 1.22, 0.55
8.0, 2.0, 2.67, 1.23, 0.55
9.0, 9.0, failed
4.0, 3.0, failed
2.0, 3.0, failed
7.0, 10.0, failed
4.0, 5.0, failed
9.0, 2.0, 2.68, 1.23, 0.55
5.0, 8.0, 2.64, 1.22, 0.55
7.0, 7.0, failed
8.0, 1.0, 2.67, 1.23, 0.55
4.0, 9.0, failed
3.0, 10.0, failed
6.0, 2.0, 2.65, 1.22, 0.55
3.0, 7.0, failed
8.0, 5.0, failed
1.0, 7.0, failed
10.0, 4.0, 2.68, 1.24, 0.55
5.0, 10.0, failed
7.0, 6.0, failed
7.0, 5.0, failed
9.0, 10.0, failed
3.0, 5.0, failed
7.0, 9.0, failed
9.0, 8.0, 2.68, 1.23, 0.55
4.0, 6.0, failed
10.0, 2.0, 2.68, 1.24, 0.55
7.0, 1.0, 2.65, 1.23, 0.55
10.0, 10.0, failed
4.0, 7.0, failed
6.0, 9.0, failed
3.0, 9.0, failed
3.0, 4.0, 2.62, 1.21, 0.55
1.0, 8.0, 2.6, 1.2, 0.55
8.0, 4.0, 2.67, 1.23, 0.55
3.0, 8.0, 2.62, 1.21, 0.55
2.0, 7.0, failed
6.0, 5.0, failed
3.0, 2.0, 2.62, 1.21, 0.55
10.0, 7.0, failed
1.0, 2.0, 2.61, 1.2, 0.55
2.0, 4.0, 2.61, 1.21, 0.55
4.0, 10.0, failed
10.0, 5.0, failed
5.0, 7.0, failed
4.0, 1.0, 2.62, 1.22, 0.55
9.0, 7.0, failed
4.0, 4.0, 2.62, 1.22, 0.55
10.0, 9.0, failed
6.0, 6.0, failed
1.0, 6.0, failed
8.0, 6.0, failed
2.0, 10.0, failed
1.0, 3.0, failed
10.0, 1.0, 2.68, 1.24, 0.55
9.0, 1.0, 2.68, 1.23, 0.55
1.0, 10.0, failed
5.0, 1.0, 2.64, 1.22, 0.55
3.0, 1.0, 2.62, 1.21, 0.55
6.0, 1.0, 2.65, 1.22, 0.55
10.0, 8.0, 2.68, 1.24, 0.55
10.0, 3.0, failed
37.0, 37.0, failed
46.0, 28.0, failed
46.0, 37.0, failed
46.0, 46.0, failed
55.0, 37.0, failed
19.0, 37.0, failed
19.0, 46.0, failed
19.0, 55.0, failed
28.0, 46.0, failed
19.0, 64.0, failed
19.0, 73.0, failed
19.0, 82.0, failed
28.0, 73.0, failed
28.0, 82.0, failed
37.0, 82.0, failed
64.0, 46.0, failed
73.0, 37.0, failed
73.0, 46.0, failed
73.0, 55.0, failed
82.0, 46.0, failed
28.0, 55.0, failed
28.0, 64.0, failed
37.0, 73.0, failed
28.0, 55.0, failed
37.0, 46.0, failed
37.0, 55.0, failed
37.0, 64.0, failed
46.0, 55.0, failed
55.0, 46.0, failed
64.0, 82.0, failed
73.0, 73.0, failed
73.0, 82.0, failed
82.0, 82.0, failed
46.0, 73.0, failed
55.0, 64.0, failed
55.0, 73.0, failed
55.0, 82.0, failed
64.0, 73.0, failed
