icache_nSets, icache_nWays, dcache_nSets, dcache_nWays, mcycle_dhrystone, LUT as Logic
4.0, 4.0, 4.0, 4.0, 191584, 22646.0
4.0, 4.0, 4.0, 8.0, 191589, 23179.0
4.0, 4.0, 4.0, 16.0, failed
4.0, 4.0, 4.0, 32.0, failed
4.0, 4.0, 8.0, 4.0, 191579, 22751.0
4.0, 4.0, 8.0, 8.0, 191579, 22601.0
4.0, 4.0, 8.0, 16.0, failed
4.0, 4.0, 8.0, 32.0, failed
4.0, 4.0, 16.0, 4.0, 191589, 22493.0
4.0, 4.0, 16.0, 8.0, 191594, 22493.0
4.0, 4.0, 16.0, 16.0, failed
4.0, 4.0, 16.0, 32.0, failed
4.0, 4.0, 32.0, 4.0, 191584, 22493.0
4.0, 4.0, 32.0, 8.0, 191579, 22493.0
4.0, 4.0, 32.0, 16.0, failed
4.0, 4.0, 32.0, 32.0, failed
4.0, 8.0, 4.0, 4.0, 191005, 22717.0
4.0, 8.0, 4.0, 8.0, 191025, 23247.0
4.0, 8.0, 4.0, 16.0, failed
4.0, 8.0, 4.0, 32.0, failed
4.0, 8.0, 8.0, 4.0, 191020, 22826.0
4.0, 8.0, 8.0, 8.0, 191030, 22826.0
4.0, 8.0, 8.0, 16.0, failed
4.0, 8.0, 8.0, 32.0, failed
4.0, 8.0, 16.0, 4.0, 191010, 22826.0
4.0, 8.0, 16.0, 8.0, 191025, 22826.0
4.0, 8.0, 16.0, 16.0, failed
4.0, 8.0, 16.0, 32.0, failed
4.0, 8.0, 32.0, 4.0, 191015, 22826.0
4.0, 8.0, 32.0, 8.0, 191020, 22826.0
4.0, 8.0, 32.0, 16.0, failed
4.0, 8.0, 32.0, 32.0, failed
4.0, 16.0, 4.0, 4.0, 191005, 23088.0
4.0, 16.0, 4.0, 8.0, 191050, 23088.0
4.0, 16.0, 4.0, 16.0, failed
4.0, 16.0, 4.0, 32.0, failed
4.0, 16.0, 8.0, 4.0, 191040, 23088.0
4.0, 16.0, 8.0, 8.0, 191040, 23088.0
4.0, 16.0, 8.0, 16.0, failed
4.0, 16.0, 8.0, 32.0, failed
4.0, 16.0, 16.0, 4.0, 191035, 23088.0
4.0, 16.0, 16.0, 8.0, 191040, 23088.0
4.0, 16.0, 16.0, 16.0, failed
4.0, 16.0, 16.0, 32.0, failed
4.0, 16.0, 32.0, 4.0, 191045, 23088.0
4.0, 16.0, 32.0, 8.0, 191035, 23088.0
4.0, 16.0, 32.0, 16.0, failed
4.0, 16.0, 32.0, 32.0, failed
4.0, 32.0, 4.0, 4.0, 191000, 24087.0
4.0, 32.0, 4.0, 8.0, 191080, 24622.0
4.0, 32.0, 4.0, 16.0, failed
4.0, 32.0, 4.0, 32.0, failed
4.0, 32.0, 8.0, 4.0, 191055, 24203.0
4.0, 32.0, 8.0, 8.0, 191055, 24042.0
4.0, 32.0, 8.0, 16.0, failed
4.0, 32.0, 8.0, 32.0, failed
4.0, 32.0, 16.0, 4.0, 191060, 23936.0
4.0, 32.0, 16.0, 8.0, 191055, 24554.0
4.0, 32.0, 16.0, 16.0, failed
4.0, 32.0, 16.0, 32.0, failed
4.0, 32.0, 32.0, 4.0, 191070, 24079.0
4.0, 32.0, 32.0, 8.0, 191050, 24362.0
4.0, 32.0, 32.0, 16.0, failed
4.0, 32.0, 32.0, 32.0, failed
8.0, 4.0, 4.0, 4.0, 191030, 22686.0
8.0, 4.0, 4.0, 8.0, 191015, 23219.0
8.0, 4.0, 4.0, 16.0, failed
8.0, 4.0, 4.0, 32.0, failed
8.0, 4.0, 8.0, 4.0, 191015, 22791.0
8.0, 4.0, 8.0, 8.0, 191015, 22641.0
8.0, 4.0, 8.0, 16.0, failed
8.0, 4.0, 8.0, 32.0, failed
8.0, 4.0, 16.0, 4.0, 191015, 22530.0
8.0, 4.0, 16.0, 8.0, 191020, 23158.0
8.0, 4.0, 16.0, 16.0, failed
8.0, 4.0, 16.0, 32.0, failed
8.0, 4.0, 32.0, 4.0, 191030, 22664.0
8.0, 4.0, 32.0, 8.0, 191020, 22664.0
8.0, 4.0, 32.0, 16.0, failed
8.0, 4.0, 32.0, 32.0, failed
8.0, 8.0, 4.0, 4.0, 191000, 22762.0
8.0, 8.0, 4.0, 8.0, 191065, 22762.0
8.0, 8.0, 4.0, 16.0, failed
8.0, 8.0, 4.0, 32.0, failed
8.0, 8.0, 8.0, 4.0, 191055, 22762.0
8.0, 8.0, 8.0, 8.0, 191060, 22705.0
8.0, 8.0, 8.0, 16.0, failed
8.0, 8.0, 8.0, 32.0, failed
8.0, 8.0, 16.0, 4.0, 191050, 22608.0
8.0, 8.0, 16.0, 8.0, 191055, 22608.0
8.0, 8.0, 16.0, 16.0, failed
8.0, 8.0, 16.0, 32.0, failed
8.0, 8.0, 32.0, 4.0, 191045, 22608.0
8.0, 8.0, 32.0, 8.0, 191045, 22608.0
8.0, 8.0, 32.0, 16.0, failed
8.0, 8.0, 32.0, 32.0, failed
8.0, 16.0, 4.0, 4.0, 191000, 23179.0
8.0, 16.0, 4.0, 8.0, 191060, 23714.0
8.0, 16.0, 4.0, 16.0, failed
8.0, 16.0, 4.0, 32.0, failed
8.0, 16.0, 8.0, 4.0, 191045, 23295.0
8.0, 16.0, 8.0, 8.0, 191040, 23134.0
8.0, 16.0, 8.0, 16.0, failed
8.0, 16.0, 8.0, 32.0, failed
8.0, 16.0, 16.0, 4.0, 191055, 23028.0
8.0, 16.0, 16.0, 8.0, 191060, 23028.0
8.0, 16.0, 16.0, 16.0, failed
8.0, 16.0, 16.0, 32.0, failed
8.0, 16.0, 32.0, 4.0, 191055, 23028.0
8.0, 16.0, 32.0, 8.0, 191045, 23028.0
8.0, 16.0, 32.0, 16.0, failed
8.0, 16.0, 32.0, 32.0, failed
8.0, 32.0, 4.0, 4.0, 191010, 23028.0
8.0, 32.0, 4.0, 8.0, 191060, 23028.0
8.0, 32.0, 4.0, 16.0, failed
8.0, 32.0, 4.0, 32.0, failed
8.0, 32.0, 8.0, 4.0, 191085, 23028.0
8.0, 32.0, 8.0, 8.0, 191085, 23028.0
8.0, 32.0, 8.0, 16.0, failed
8.0, 32.0, 8.0, 32.0, failed
8.0, 32.0, 16.0, 4.0, 191065, 23028.0
8.0, 32.0, 16.0, 8.0, 191070, 23028.0
8.0, 32.0, 16.0, 16.0, failed
8.0, 32.0, 16.0, 32.0, failed
8.0, 32.0, 32.0, 4.0, 191060, 23028.0
8.0, 32.0, 32.0, 8.0, 191070, 23028.0
8.0, 32.0, 32.0, 16.0, failed
8.0, 32.0, 32.0, 32.0, failed
16.0, 4.0, 4.0, 4.0, 191005, 23028.0
16.0, 4.0, 4.0, 8.0, 191040, 23028.0
16.0, 4.0, 4.0, 16.0, failed
16.0, 4.0, 4.0, 32.0, failed
16.0, 4.0, 8.0, 4.0, 191030, 23028.0
16.0, 4.0, 8.0, 8.0, 191030, 23028.0
16.0, 4.0, 8.0, 16.0, failed
16.0, 4.0, 8.0, 32.0, failed
16.0, 4.0, 16.0, 4.0, 191035, 23028.0
16.0, 4.0, 16.0, 8.0, 191035, 23028.0
16.0, 4.0, 16.0, 16.0, failed
16.0, 4.0, 16.0, 32.0, failed
16.0, 4.0, 32.0, 4.0, 191035, 23028.0
16.0, 4.0, 32.0, 8.0, 191040, 23028.0
16.0, 4.0, 32.0, 16.0, failed
16.0, 4.0, 32.0, 32.0, failed
16.0, 8.0, 4.0, 4.0, 191005, 23028.0
16.0, 8.0, 4.0, 8.0, 191040, 23028.0
16.0, 8.0, 4.0, 16.0, failed
16.0, 8.0, 4.0, 32.0, failed
16.0, 8.0, 8.0, 4.0, 191055, 23028.0
16.0, 8.0, 8.0, 8.0, 191060, 23028.0
16.0, 8.0, 8.0, 16.0, failed
16.0, 8.0, 8.0, 32.0, failed
16.0, 8.0, 16.0, 4.0, 191060, 23028.0
16.0, 8.0, 16.0, 8.0, 191035, 23028.0
16.0, 8.0, 16.0, 16.0, failed
16.0, 8.0, 16.0, 32.0, failed
16.0, 8.0, 32.0, 4.0, 191060, 23028.0
16.0, 8.0, 32.0, 8.0, 191060, 23028.0
16.0, 8.0, 32.0, 16.0, failed
16.0, 8.0, 32.0, 32.0, failed
16.0, 16.0, 4.0, 4.0, 191005, 23028.0
16.0, 16.0, 4.0, 8.0, 191050, 23028.0
16.0, 16.0, 4.0, 16.0, failed
16.0, 16.0, 4.0, 32.0, failed
16.0, 16.0, 8.0, 4.0, 191065, 23028.0
16.0, 16.0, 8.0, 8.0, 191070, 23028.0
16.0, 16.0, 8.0, 16.0, failed
16.0, 16.0, 8.0, 32.0, failed
16.0, 16.0, 16.0, 4.0, 191070, 23028.0
16.0, 16.0, 16.0, 8.0, 191080, 23028.0
16.0, 16.0, 16.0, 16.0, failed
16.0, 16.0, 16.0, 32.0, failed
16.0, 16.0, 32.0, 4.0, 191070, 23028.0
16.0, 16.0, 32.0, 8.0, 191055, 23028.0
16.0, 16.0, 32.0, 16.0, failed
16.0, 16.0, 32.0, 32.0, failed
16.0, 32.0, 4.0, 4.0, 191005, 23028.0
16.0, 32.0, 4.0, 8.0, 191060, 23028.0
16.0, 32.0, 4.0, 16.0, failed
16.0, 32.0, 4.0, 32.0, failed
16.0, 32.0, 8.0, 4.0, 191065, 23028.0
16.0, 32.0, 8.0, 8.0, 191070, 23028.0
16.0, 32.0, 8.0, 16.0, failed
16.0, 32.0, 8.0, 32.0, failed
16.0, 32.0, 16.0, 4.0, 191060, 23028.0
16.0, 32.0, 16.0, 8.0, 191065, 23028.0
16.0, 32.0, 16.0, 16.0, failed
16.0, 32.0, 16.0, 32.0, failed
16.0, 32.0, 32.0, 4.0, 191060, 23028.0
16.0, 32.0, 32.0, 8.0, 191070, 23028.0
16.0, 32.0, 32.0, 16.0, failed
16.0, 32.0, 32.0, 32.0, failed
32.0, 4.0, 4.0, 4.0, 191005, 23028.0
32.0, 4.0, 4.0, 8.0, 191030, 23028.0
32.0, 4.0, 4.0, 16.0, failed
32.0, 4.0, 4.0, 32.0, failed
32.0, 4.0, 8.0, 4.0, 191060, 23028.0
32.0, 4.0, 8.0, 8.0, 191065, 23028.0
32.0, 4.0, 8.0, 16.0, failed
32.0, 4.0, 8.0, 32.0, failed
32.0, 4.0, 16.0, 4.0, 191085, 23028.0
32.0, 4.0, 16.0, 8.0, 191060, 23028.0
32.0, 4.0, 16.0, 16.0, failed
32.0, 4.0, 16.0, 32.0, failed
32.0, 4.0, 32.0, 4.0, 191040, 23028.0
32.0, 4.0, 32.0, 8.0, 191060, 23028.0
32.0, 4.0, 32.0, 16.0, failed
32.0, 4.0, 32.0, 32.0, failed
32.0, 8.0, 4.0, 4.0, 191000, 23028.0
32.0, 8.0, 4.0, 8.0, 191045, 23028.0
32.0, 8.0, 4.0, 16.0, failed
32.0, 8.0, 4.0, 32.0, failed
32.0, 8.0, 8.0, 4.0, 191065, 23028.0
32.0, 8.0, 8.0, 8.0, 191070, 23028.0
32.0, 8.0, 8.0, 16.0, failed
32.0, 8.0, 8.0, 32.0, failed
32.0, 8.0, 16.0, 4.0, 191055, 23028.0
32.0, 8.0, 16.0, 8.0, 191070, 23028.0
32.0, 8.0, 16.0, 16.0, failed
32.0, 8.0, 16.0, 32.0, failed
32.0, 8.0, 32.0, 4.0, 191070, 23028.0
32.0, 8.0, 32.0, 8.0, 191040, 23028.0
32.0, 8.0, 32.0, 16.0, failed
32.0, 8.0, 32.0, 32.0, failed
32.0, 16.0, 4.0, 4.0, 191000, 23028.0
32.0, 16.0, 4.0, 8.0, 191050, 23028.0
32.0, 16.0, 4.0, 16.0, failed
32.0, 16.0, 4.0, 32.0, failed
32.0, 16.0, 8.0, 4.0, 191065, 23028.0
32.0, 16.0, 8.0, 8.0, 191070, 23028.0
32.0, 16.0, 8.0, 16.0, failed
32.0, 16.0, 8.0, 32.0, failed
32.0, 16.0, 16.0, 4.0, 191065, 23028.0
32.0, 16.0, 16.0, 8.0, 191060, 23028.0
32.0, 16.0, 16.0, 16.0, failed
32.0, 16.0, 16.0, 32.0, failed
32.0, 16.0, 32.0, 4.0, 191065, 23028.0
32.0, 16.0, 32.0, 8.0, 191060, 23028.0
32.0, 16.0, 32.0, 16.0, failed
32.0, 16.0, 32.0, 32.0, failed
32.0, 32.0, 4.0, 4.0, 191005, 23028.0
32.0, 32.0, 4.0, 8.0, 191065, 23028.0
32.0, 32.0, 4.0, 16.0, failed
32.0, 32.0, 4.0, 32.0, failed
32.0, 32.0, 8.0, 4.0, 191070, 23028.0
32.0, 32.0, 8.0, 8.0, 191075, 23028.0
32.0, 32.0, 8.0, 16.0, failed
32.0, 32.0, 8.0, 32.0, failed
32.0, 32.0, 16.0, 4.0, 191060, 23028.0
32.0, 32.0, 16.0, 8.0, 191060, 23028.0
32.0, 32.0, 16.0, 16.0, failed
32.0, 32.0, 16.0, 32.0, failed
32.0, 32.0, 32.0, 4.0, 191060, 23028.0
32.0, 32.0, 32.0, 8.0, 191045, 23028.0
32.0, 32.0, 32.0, 16.0, failed
32.0, 32.0, 32.0, 32.0, failed
