pic_total_int, hello_world_minstret, hello_world_mcycle, cmark_minstret, cmark_mcycle, pmp_minstret, pmp_mcycle, dhry_minstret, dhry_mcycle
1, 329, 706, 282995, 409709, 181441, 236520, 343110, 356914
2, 329, 706, 282995, 409709, 181441, 236520, 343110, 356914
3, 329, 706, 282995, 409709, 181441, 236520, 343110, 356914
4, 329, 706, 282995, 409709, 181441, 236520, 343110, 356914
5, 329, 706, 282995, 409709, 181441, 236520, 343110, 356914
6, 329, 706, 282995, 409709, 181441, 236520, 343110, 356914
7, 329, 706, 282995, 409709, 181441, 236520, 343110, 356914
8, 329, 706, 282995, 409709, 181441, 236520, 343110, 356914
9, 329, 706, 282995, 409709, 181441, 236520, 343110, 356914
10, 329, 706, 282995, 409709, 181441, 236520, 343110, 356914
11, 329, 706, 282995, 409709, 181441, 236520, 343110, 356914
12, 329, 706, 282995, 409709, 181441, 236520, 343110, 356914
13, 329, 706, 282995, 409709, 181441, 236520, 343110, 356914
14, 329, 706, 282995, 409709, 181441, 236520, 343110, 356914
15, 329, 706, 282995, 409709, 181441, 236520, 343110, 356914
16, 329, 706, 282995, 409709, 181441, 236520, 343110, 356914
17, 329, 706, 282995, 409709, 181441, 236520, 343110, 356914
18, 329, 706, 282995, 409709, 181441, 236520, 343110, 356914
19, 329, 706, 282995, 409709, 181441, 236520, 343110, 356914
20, 329, 706, 282995, 409709, 181441, 236520, 343110, 356914
21, 329, 706, 282995, 409709, 181441, 236520, 343110, 356914
22, 329, 706, 282995, 409709, 181441, 236520, 343110, 356914
23, 329, 706, 282995, 409709, 181441, 236520, 343110, 356914
24, 329, 706, 282995, 409709, 181441, 236520, 343110, 356914
25, 329, 706, 282995, 409709, 181441, 236520, 343110, 356914
26, 329, 706, 282995, 409709, 181441, 236520, 343110, 356914
27, 329, 706, 282995, 409709, 181441, 236520, 343110, 356914
28, 329, 706, 282995, 409709, 181441, 236520, 343110, 356914
29, 329, 706, 282995, 409709, 181441, 236520, 343110, 356914
30, 329, 706, 282995, 409709, 181441, 236520, 343110, 356914
31, 329, 706, 282995, 409709, 181441, 236520, 343110, 356914
32, 329, 706, 282995, 409709, 181441, 236520, 343110, 356914
33, 329, 706, 282995, 409709, 181441, 236520, 343110, 356914
34, 329, 706, 282995, 409709, 181441, 236520, 343110, 356914
35, 329, 706, 282995, 409709, 181441, 236520, 343110, 356914
36, 329, 706, 282995, 409709, 181441, 236520, 343110, 356914
37, 329, 706, 282995, 409709, 181441, 236520, 343110, 356914
38, 329, 706, 282995, 409709, 181441, 236520, 343110, 356914
39, 329, 706, 282995, 409709, 181441, 236520, 343110, 356914
40, 329, 706, 282995, 409709, 181441, 236520, 343110, 356914
41, 329, 706, 282995, 409709, 181441, 236520, 343110, 356914
42, 329, 706, 282995, 409709, 181441, 236520, 343110, 356914
43, 329, 706, 282995, 409709, 181441, 236520, 343110, 356914
44, 329, 706, 282995, 409709, 181441, 236520, 343110, 356914
45, 329, 706, 282995, 409709, 181441, 236520, 343110, 356914
46, 329, 706, 282995, 409709, 181441, 236520, 343110, 356914
47, 329, 706, 282995, 409709, 181441, 236520, 343110, 356914
48, 329, 706, 282995, 409709, 181441, 236520, 343110, 356914
49, 329, 706, 282995, 409709, 181441, 236520, 343110, 356914
50, 329, 706, 282995, 409709, 181441, 236520, 343110, 356914
51, 329, 706, 282995, 409709, 181441, 236520, 343110, 356914
52, 329, 706, 282995, 409709, 181441, 236520, 343110, 356914
53, 329, 706, 282995, 409709, 181441, 236520, 343110, 356914
54, 329, 706, 282995, 409709, 181441, 236520, 343110, 356914
55, 329, 706, 282995, 409709, 181441, 236520, 343110, 356914
56, 329, 706, 282995, 409709, 181441, 236520, 343110, 356914
57, 329, 706, 282995, 409709, 181441, 236520, 343110, 356914
58, 329, 706, 282995, 409709, 181441, 236520, 343110, 356914
59, 329, 706, 282995, 409709, 181441, 236520, 343110, 356914
60, 329, 706, 282995, 409709, 181441, 236520, 343110, 356914
61, 329, 706, 282995, 409709, 181441, 236520, 343110, 356914
62, 329, 706, 282995, 409709, 181441, 236520, 343110, 356914
63, 329, 706, 282995, 409709, 181441, 236520, 343110, 356914
64, 329, 706, 282995, 409709, 181441, 236520, 343110, 356914
65, 329, 706, 282995, 409709, 181441, 236520, 343110, 356914
66, 329, 706, 282995, 409709, 181441, 236520, 343110, 356914
67, 329, 706, 282995, 409709, 181441, 236520, 343110, 356914
68, 329, 706, 282995, 409709, 181441, 236520, 343110, 356914
69, 329, 706, 282995, 409709, 181441, 236520, 343110, 356914
70, 329, 706, 282995, 409709, 181441, 236520, 343110, 356914
71, 329, 706, 282995, 409709, 181441, 236520, 343110, 356914
72, 329, 706, 282995, 409709, 181441, 236520, 343110, 356914
73, 329, 706, 282995, 409709, 181441, 236520, 343110, 356914
74, 329, 706, 282995, 409709, 181441, 236520, 343110, 356914
75, 329, 706, 282995, 409709, 181441, 236520, 343110, 356914
76, 329, 706, 282995, 409709, 181441, 236520, 343110, 356914
77, 329, 706, 282995, 409709, 181441, 236520, 343110, 356914
78, 329, 706, 282995, 409709, 181441, 236520, 343110, 356914
79, 329, 706, 282995, 409709, 181441, 236520, 343110, 356914
80, 329, 706, 282995, 409709, 181441, 236520, 343110, 356914
81, 329, 706, 282995, 409709, 181441, 236520, 343110, 356914
82, 329, 706, 282995, 409709, 181441, 236520, 343110, 356914
83, 329, 706, 282995, 409709, 181441, 236520, 343110, 356914
84, 329, 706, 282995, 409709, 181441, 236520, 343110, 356914
85, 329, 706, 282995, 409709, 181441, 236520, 343110, 356914
86, 329, 706, 282995, 409709, 181441, 236520, 343110, 356914
87, 329, 706, 282995, 409709, 181441, 236520, 343110, 356914
88, 329, 706, 282995, 409709, 181441, 236520, 343110, 356914
89, 329, 706, 282995, 409709, 181441, 236520, 343110, 356914
90, 329, 706, 282995, 409709, 181441, 236520, 343110, 356914
91, 329, 706, 282995, 409709, 181441, 236520, 343110, 356914
92, 329, 706, 282995, 409709, 181441, 236520, 343110, 356914
93, 329, 706, 282995, 409709, 181441, 236520, 343110, 356914
94, 329, 706, 282995, 409709, 181441, 236520, 343110, 356914
95, 329, 706, 282995, 409709, 181441, 236520, 343110, 356914
96, 329, 706, 282995, 409709, 181441, 236520, 343110, 356914
97, 329, 706, 282995, 409709, 181441, 236520, 343110, 356914
98, 329, 706, 282995, 409709, 181441, 236520, 343110, 356914
99, 329, 706, 282995, 409709, 181441, 236520, 343110, 356914
100, 329, 706, 282995, 409709, 181441, 236520, 343110, 356914
101, 329, 706, 282995, 409709, 181441, 236520, 343110, 356914
102, 329, 706, 282995, 409709, 181441, 236520, 343110, 356914
103, 329, 706, 282995, 409709, 181441, 236520, 343110, 356914
104, 329, 706, 282995, 409709, 181441, 236520, 343110, 356914
105, 329, 706, 282995, 409709, 181441, 236520, 343110, 356914
106, 329, 706, 282995, 409709, 181441, 236520, 343110, 356914
107, 329, 706, 282995, 409709, 181441, 236520, 343110, 356914
108, 329, 706, 282995, 409709, 181441, 236520, 343110, 356914
109, 329, 706, 282995, 409709, 181441, 236520, 343110, 356914
110, 329, 706, 282995, 409709, 181441, 236520, 343110, 356914
111, 329, 706, 282995, 409709, 181441, 236520, 343110, 356914
112, 329, 706, 282995, 409709, 181441, 236520, 343110, 356914
113, 329, 706, 282995, 409709, 181441, 236520, 343110, 356914
114, 329, 706, 282995, 409709, 181441, 236520, 343110, 356914
115, 329, 706, 282995, 409709, 181441, 236520, 343110, 356914
116, 329, 706, 282995, 409709, 181441, 236520, 343110, 356914
117, 329, 706, 282995, 409709, 181441, 236520, 343110, 356914
118, 329, 706, 282995, 409709, 181441, 236520, 343110, 356914
119, 329, 706, 282995, 409709, 181441, 236520, 343110, 356914
120, 329, 706, 282995, 409709, 181441, 236520, 343110, 356914
121, 329, 706, 282995, 409709, 181441, 236520, 343110, 356914
122, 329, 706, 282995, 409709, 181441, 236520, 343110, 356914
123, 329, 706, 282995, 409709, 181441, 236520, 343110, 356914
124, 329, 706, 282995, 409709, 181441, 236520, 343110, 356914
125, 329, 706, 282995, 409709, 181441, 236520, 343110, 356914
126, 329, 706, 282995, 409709, 181441, 236520, 343110, 356914
127, 329, 706, 282995, 409709, 181441, 236520, 343110, 356914
128, 329, 706, 282995, 409709, 181441, 236520, 343110, 356914
129, 329, 706, 282995, 409709, 181441, 236520, 343110, 356914
130, 329, 706, 282995, 409709, 181441, 236520, 343110, 356914
131, 329, 706, 282995, 409709, 181441, 236520, 343110, 356914
132, 329, 706, 282995, 409709, 181441, 236520, 343110, 356914
133, 329, 706, 282995, 409709, 181441, 236520, 343110, 356914
134, 329, 706, 282995, 409709, 181441, 236520, 343110, 356914
135, 329, 706, 282995, 409709, 181441, 236520, 343110, 356914
136, 329, 706, 282995, 409709, 181441, 236520, 343110, 356914
137, 329, 706, 282995, 409709, 181441, 236520, 343110, 356914
138, 329, 706, 282995, 409709, 181441, 236520, 343110, 356914
139, 329, 706, 282995, 409709, 181441, 236520, 343110, 356914
140, 329, 706, 282995, 409709, 181441, 236520, 343110, 356914
141, 329, 706, 282995, 409709, 181441, 236520, 343110, 356914
142, 329, 706, 282995, 409709, 181441, 236520, 343110, 356914
143, 329, 706, 282995, 409709, 181441, 236520, 343110, 356914
144, 329, 706, 282995, 409709, 181441, 236520, 343110, 356914
145, 329, 706, 282995, 409709, 181441, 236520, 343110, 356914
146, 329, 706, 282995, 409709, 181441, 236520, 343110, 356914
147, 329, 706, 282995, 409709, 181441, 236520, 343110, 356914
148, 329, 706, 282995, 409709, 181441, 236520, 343110, 356914
149, 329, 706, 282995, 409709, 181441, 236520, 343110, 356914
150, 329, 706, 282995, 409709, 181441, 236520, 343110, 356914
151, 329, 706, 282995, 409709, 181441, 236520, 343110, 356914
152, 329, 706, 282995, 409709, 181441, 236520, 343110, 356914
153, 329, 706, 282995, 409709, 181441, 236520, 343110, 356914
154, 329, 706, 282995, 409709, 181441, 236520, 343110, 356914
155, 329, 706, 282995, 409709, 181441, 236520, 343110, 356914
156, 329, 706, 282995, 409709, 181441, 236520, 343110, 356914
157, 329, 706, 282995, 409709, 181441, 236520, 343110, 356914
158, 329, 706, 282995, 409709, 181441, 236520, 343110, 356914
159, 329, 706, 282995, 409709, 181441, 236520, 343110, 356914
160, 329, 706, 282995, 409709, 181441, 236520, 343110, 356914
161, 329, 706, 282995, 409709, 181441, 236520, 343110, 356914
162, 329, 706, 282995, 409709, 181441, 236520, 343110, 356914
163, 329, 706, 282995, 409709, 181441, 236520, 343110, 356914
164, 329, 706, 282995, 409709, 181441, 236520, 343110, 356914
165, 329, 706, 282995, 409709, 181441, 236520, 343110, 356914
166, 329, 706, 282995, 409709, 181441, 236520, 343110, 356914
167, 329, 706, 282995, 409709, 181441, 236520, 343110, 356914
168, 329, 706, 282995, 409709, 181441, 236520, 343110, 356914
169, 329, 706, 282995, 409709, 181441, 236520, 343110, 356914
170, 329, 706, 282995, 409709, 181441, 236520, 343110, 356914
171, 329, 706, 282995, 409709, 181441, 236520, 343110, 356914
172, 329, 706, 282995, 409709, 181441, 236520, 343110, 356914
173, 329, 706, 282995, 409709, 181441, 236520, 343110, 356914
174, 329, 706, 282995, 409709, 181441, 236520, 343110, 356914
175, 329, 706, 282995, 409709, 181441, 236520, 343110, 356914
176, 329, 706, 282995, 409709, 181441, 236520, 343110, 356914
177, 329, 706, 282995, 409709, 181441, 236520, 343110, 356914
178, 329, 706, 282995, 409709, 181441, 236520, 343110, 356914
179, 329, 706, 282995, 409709, 181441, 236520, 343110, 356914
180, 329, 706, 282995, 409709, 181441, 236520, 343110, 356914
181, 329, 706, 282995, 409709, 181441, 236520, 343110, 356914
182, 329, 706, 282995, 409709, 181441, 236520, 343110, 356914
183, 329, 706, 282995, 409709, 181441, 236520, 343110, 356914
184, 329, 706, 282995, 409709, 181441, 236520, 343110, 356914
185, 329, 706, 282995, 409709, 181441, 236520, 343110, 356914
186, 329, 706, 282995, 409709, 181441, 236520, 343110, 356914
187, 329, 706, 282995, 409709, 181441, 236520, 343110, 356914
188, 329, 706, 282995, 409709, 181441, 236520, 343110, 356914
189, 329, 706, 282995, 409709, 181441, 236520, 343110, 356914
190, 329, 706, 282995, 409709, 181441, 236520, 343110, 356914
191, 329, 706, 282995, 409709, 181441, 236520, 343110, 356914
192, 329, 706, 282995, 409709, 181441, 236520, 343110, 356914
193, 329, 706, 282995, 409709, 181441, 236520, 343110, 356914
194, 329, 706, 282995, 409709, 181441, 236520, 343110, 356914
195, 329, 706, 282995, 409709, 181441, 236520, 343110, 356914
196, 329, 706, 282995, 409709, 181441, 236520, 343110, 356914
197, 329, 706, 282995, 409709, 181441, 236520, 343110, 356914
198, 329, 706, 282995, 409709, 181441, 236520, 343110, 356914
199, 329, 706, 282995, 409709, 181441, 236520, 343110, 356914
200, 329, 706, 282995, 409709, 181441, 236520, 343110, 356914
201, 329, 706, 282995, 409709, 181441, 236520, 343110, 356914
202, 329, 706, 282995, 409709, 181441, 236520, 343110, 356914
203, 329, 706, 282995, 409709, 181441, 236520, 343110, 356914
204, 329, 706, 282995, 409709, 181441, 236520, 343110, 356914
205, 329, 706, 282995, 409709, 181441, 236520, 343110, 356914
206, 329, 706, 282995, 409709, 181441, 236520, 343110, 356914
207, 329, 706, 282995, 409709, 181441, 236520, 343110, 356914
208, 329, 706, 282995, 409709, 181441, 236520, 343110, 356914
209, 329, 706, 282995, 409709, 181441, 236520, 343110, 356914
210, 329, 706, 282995, 409709, 181441, 236520, 343110, 356914
211, 329, 706, 282995, 409709, 181441, 236520, 343110, 356914
212, 329, 706, 282995, 409709, 181441, 236520, 343110, 356914
213, 329, 706, 282995, 409709, 181441, 236520, 343110, 356914
214, 329, 706, 282995, 409709, 181441, 236520, 343110, 356914
215, 329, 706, 282995, 409709, 181441, 236520, 343110, 356914
216, 329, 706, 282995, 409709, 181441, 236520, 343110, 356914
217, 329, 706, 282995, 409709, 181441, 236520, 343110, 356914
218, 329, 706, 282995, 409709, 181441, 236520, 343110, 356914
219, 329, 706, 282995, 409709, 181441, 236520, 343110, 356914
220, 329, 706, 282995, 409709, 181441, 236520, 343110, 356914
221, 329, 706, 282995, 409709, 181441, 236520, 343110, 356914
222, 329, 706, 282995, 409709, 181441, 236520, 343110, 356914
223, 329, 706, 282995, 409709, 181441, 236520, 343110, 356914
224, 329, 706, 282995, 409709, 181441, 236520, 343110, 356914
225, 329, 706, 282995, 409709, 181441, 236520, 343110, 356914
226, 329, 706, 282995, 409709, 181441, 236520, 343110, 356914
227, 329, 706, 282995, 409709, 181441, 236520, 343110, 356914
228, 329, 706, 282995, 409709, 181441, 236520, 343110, 356914
229, 329, 706, 282995, 409709, 181441, 236520, 343110, 356914
230, 329, 706, 282995, 409709, 181441, 236520, 343110, 356914
231, 329, 706, 282995, 409709, 181441, 236520, 343110, 356914
232, 329, 706, 282995, 409709, 181441, 236520, 343110, 356914
233, 329, 706, 282995, 409709, 181441, 236520, 343110, 356914
234, 329, 706, 282995, 409709, 181441, 236520, 343110, 356914
235, 329, 706, 282995, 409709, 181441, 236520, 343110, 356914
236, 329, 706, 282995, 409709, 181441, 236520, 343110, 356914
237, 329, 706, 282995, 409709, 181441, 236520, 343110, 356914
238, 329, 706, 282995, 409709, 181441, 236520, 343110, 356914
239, 329, 706, 282995, 409709, 181441, 236520, 343110, 356914
240, 329, 706, 282995, 409709, 181441, 236520, 343110, 356914
241, 329, 706, 282995, 409709, 181441, 236520, 343110, 356914
242, 329, 706, 282995, 409709, 181441, 236520, 343110, 356914
243, 329, 706, 282995, 409709, 181441, 236520, 343110, 356914
244, 329, 706, 282995, 409709, 181441, 236520, 343110, 356914
245, 329, 706, 282995, 409709, 181441, 236520, 343110, 356914
246, 329, 706, 282995, 409709, 181441, 236520, 343110, 356914
247, 329, 706, 282995, 409709, 181441, 236520, 343110, 356914
248, 329, 706, 282995, 409709, 181441, 236520, 343110, 356914
249, 329, 706, 282995, 409709, 181441, 236520, 343110, 356914
250, 329, 706, 282995, 409709, 181441, 236520, 343110, 356914
251, 329, 706, 282995, 409709, 181441, 236520, 343110, 356914
252, 329, 706, 282995, 409709, 181441, 236520, 343110, 356914
253, 329, 706, 282995, 409709, 181441, 236520, 343110, 356914
254, 329, 706, 282995, 409709, 181441, 236520, 343110, 356914
255, 329, 706, 282995, 409709, 181441, 236520, 343110, 356914
